515266968
2406271088
287531660
1287836724
4020380484
3982519606
76806532
1620834813
1454434177
1657006705
2307300588
2044131872
1938100592
912809213
2290466289
2576422948
195716357
715807115
1141824546
167667100
3988238746
2460816229
1320107812
3505931334
824101268
2101406286
1961413155
2302058702
3176716744
2174670575
1844797819
1122442531
1450327297
2031473922
1071338847
1855885462
1685695711
2943220334
520991076
2637940686
3851032035
4216234799
3140190348
1834798714
2217293184
626373044
1227228047
149385827
1049999346
254507700
2949603684
429055791
2388192564
2000196937
3372025603
451182628
680394947
226498269
3418919868
4145651974
4250071607
2235733009
755602508
261600245
3382432232
4005386263
719568309
613431940
3683569627
2117763293
2716195728
229143270
661220381
2912210820
3143886256
518709278
3802160439
6331272
816980380
1789901202
299535344
2820873998
2983091158
944544082
438691896
171179660
1008951363
2485751436
3489948856
3110835186
1775829088
2438674228
3164032617
2795979250
3552790489
28648789
1838358149
2379722676
3656053117
760337969
3410683834
3817437574
3999539634
826854912
2227443285
882674323
503232636
3752078703
592150526
1036246937
2857588817
2313670279
2469738432
2062600065
706432676
2074608433
1931759834
4059838297
1236898207
3032614738
2069847924
884917444
538253849
932208495
3890282864
3894629025
2471153822
2478898213
55762508
877211768
3177327967
550964853
1069499171
2677075873
3320623550
2834901793
3829297336
2443058716
3897840096
1129908465
398791628
3740109422
1248300318
3519362891
2999624041
1767854263
2957082590
4117561995
1725681933
3592104223
1680685246
1062444702
4141230724
3940661985
3633894123
2291530382
697025781
2328396307
2756823759
3240883894
2874397485
1576144260
497111755
2163112317
3691668564
2503014432
3069222818
3355093649
516512796
3443876031
239843122
3705610981
1885281641
3247819864
2736669964
771830204
2349276520
173927996
756336934
2762839330
1465260532
3438958397
2470570853
383844048
427824955
3761199572
3665098640
3833999934
1570012719
1716276608
2962106988
3223404133
3334770988
1731690434
749646653
1808973397
1243036225
340675234
1971913676
276475251
3922357464
344539180
1603920823
1019517938
2965176796
1089862014
625758405
2912568684
3020242150
1102988709
978625568
2075668015
151533382
328005379
659814586
2599633413
654603629
4069512060
729163658
1176286328
3878406676
3684826211
152029892
3545708857
3617545647
1149496255
256307869
2469494220
1455537026
36614508
4149842319
3068530052
2398168089
672269503
1310829240
2014502197
2054521051
2285001402
2374078240
3284028081
1751724859
3243990008
4206419041
1388294357
3070915791
2944579627
2714849827
2349451771
1340680056
3621036026
3661743901
1383968627
2516787463
949902421
4169312103
3095862513
3282164685
4242846768
4121010174
3523623901
671013751
2461137743
1604618579
3189588886
228881417
2074512673
686087255
3957025408
371821969
659199813
2630084715
1033939844
4280154980
3907864931
851837355
697171773
3856061668
3876774360
3581564597
1009852177
3896672284
3116549740
2197851750
1971164350
3136427887
206065515
1116717810
3198260438
234709870
2094676759
304422233
1369639497
2795121534
3958024043
4143101174
651747443
1817348054
2529242930
1144517725
3176316455
2314175062
4205944100
2050761718
3852354682
3569028757
2828552191
188544121
3675577442
1041039537
4287435728
757578915
4250581682
954389079
214062457
1278847080
3648015492
3568136034
3847665821
1987097103
1336243576
1455884566
257238041
2562474330
4251643396
1695292775
3815599357
997383679
3962470315
1766062194
519570397
3758726938
3526666222
2938074669
970089501
911645872
1255436617
2413541297
1140424507
969509026
302917909
2503837967
2293137137
2391611415
1021348086
907423003
1799393999
2733698254
1347599277
1185126515
103549697
2056114116
388003860
1488802778
1600477175
148471713
34277999
719840815
2543377585
1337122988
3586124164
1265827344
862244124
3104179745
3922103171
3614841238
1093057398
2667951418
878244164
3799153251
3721285735
720673293
3611371273
1741262733
1787661865
1275276698
966421611
1977222975
2415063305
2391321250
2414355110
4227072667
2994617370
3993907900
577855632
2874041790
1697306434
2467857491
2337686505
3200032003
3191725080
2126720235
3273397122
684518616
1684707145
3522967423
2426235358
1346185140
1331717718
2502784083
2816569231
2201754864
2121246909
4292051295
4042991571
3508353644
1218517970
3926614801
2863158170
3591175584
4149484380
1681378262
681144540
2100087162
35761403
968795576
423823145
1694932610
3804539800
709126520
3710499064
1537539809
1751613068
776224950
1127707864
3750919019
1699966759
4042545610
1119273802
2702553153
1949467169
2912698696
1922718121
2917478928
4043260911
1451658865
1869106108
3566295157
3611747412
2396981779
980874664
3807901939
2933335927
2207637115
4267680333
3844635178
3822016994
1467858469
234818997
1791933684
3817597037
724627572
3595872093
1726937349
3291659404
1006303893
4245186806
2866652825
736267761
3391766570
1532834038
1959947335
980033774
3542813291
945985847
872247896
4143490183
300996716
4292643489
691483855
65256987
614551201
259690804
3328373139
3211084075
104539557
1271245947
1997413292
2033819406
1956760950
866882875
1617134451
19518758
4012257748
847104185
914150227
1203101612
2718841112
2615582248
3071340310
2685038624
1055460364
1407016427
409393814
2788860236
1978005165
156154759
443793365
322839312
3239250772
4013347689
609979248
1383040858
1782619061
3259017519
3241411932
1609083045
2013488273
1867519168
882578702
3655824130
4175248109
2112902615
2957838432
354683583
338121297
582026375
1190013765
1125144444
1333997898
3663721238
3269530536
3076277929
2427093311
4142654474
2908123054
189171157
4119580523
124865292
470020927
3057359388
3540730344
979029995
3656719866
2331363114
142497046
266573719
3790838944
1918135720
3874214563
3267908904
3891082501
3076128523
4019841632
519361541
1931792892
2511331484
3808224016
3912895954
3651387002
2756946069
2665593422
1985784273
3308582747
1476266754
1167468887
4151176720
2989440459
3908449264
955693982
4269264847
326379596
2402340293
3384162842
3306498970
2514408984
296312679
1482924278
1304536871
2143541200
451039391
4230581819
1540832252
3352125713
2910680653
3163292070
2345186815
224736825
2637578889
3345588218
3077066524
2149522961
2446512407
1890043051
4072964916
917055445
2720236148
780389902
1634057290
2622196853
1977676179
1116378657
672929325
3230152007
1735228816
4046152813
2434076892
152974959
3590000851
3952242933
3371470425
3485778120
645409853
1830138496
1264798141
272034192
625815596
3492511281
937473497
2605236269
1087854080
2837383308
1409543217
2556723271
687839621
2970102450
1039541144
264377466
2453793317
2865651631
1763580268
631467183
2009438195
568537793
2752439787
1031887605
904069852
1652750046
2507636291
1182538944
447910949
2682348016
14392269
641784281
3143507442
751723658
2482509643
3001530028
1793890067
3837420201
795410378
965006229
376897183
2163447609
2917511641
2916497278
2932188148
4229014748
3000951664
3064678463
1144066537
510473157
2384146768
2462309930
2266817017
1913014517
1923866052
2214554969
3517429590
4061027725
1330332643
2550712616
4119302457
3827404146
4087509914
3280229177
2082352881
1601635380
442610869
1486634810
4144325359
3425159178
3419896652
3023724683
3802387705
3078000502
2190851240
2269938960
2981921949
993327454
2033633163
1037489441
2206204255
477431766
1172831178
2438541920
808652917
3807456207
358625464
2537528605
2571190909
921184938
714635546
3583541022
379894890
490331071
2148361260
1629876
2295319953
183887183
2737751693
1127901189
1052000627
3097096385
392499540
2336475669
3815070791
1685217006
1564746300
3157574103
121979944
3851726337
1210772036
2353105702
2917869884
3502122033
692438562
387722335
2934570962
237427269
2124800302
2526642905
1081213131
4051342988
359900099
1204543200
2210722691
2991857808
522778450
2772541525
307593870
3014232361
928644142
1885769396
4152614897
1750203210
3357665917
537364630
3777070989
2058915643
217588715
345003841
2681398273
2824220659
3177330232
597710431
2846674255
908660068
831850347
558174240
109837102
405862137
3073120188
2448327187
220215484
130738588
3055425173
2008938885
2550384608
1569758003
1839895820
84566516
2141243489
927728804
180544614
3012519804
2780425376
3530992811
629207753
4272926907
2662409376
525142463
3854195113
3553865412
253880620
1581945169
3275609848
1500735578
2731594496
1522178917
549252480
471976175
738108473
3145917900
1870004244
4010723004
70738008
3793574471
1969924414
3195164864
790401491
2271623824
2871957641
1343195916
2847817466
1694016264
1253822355
382297294
1289896811
1701732500
1972569934
3081185455
3130051975
300442135
1133494844
4096648867
2337917881
1292261941
645448098
2438216180
269623746
1570451775
3968529992
237549231
1979767913
3165245724
1972596510
1929425504
2558885682
1739496926
56158381
3172714005
1784349124
667560322
501077156
3251219599
139441115
294572720
2917999605
2876358105
2708083823
1910682713
574371223
1386787145
3438121267
2612149094
3316497449
2816736801
1912163168
2306143225
3402129721
2956603725
2006432197
2591809949
2636658084
4070188594
1076190583
1861250002
3141610188
2149737511
739165601
1817903112
3672290723
934473326
3954176922
976460724
2618332914
4243219416
812195553
3381404879
305136688
3608081324
568013974
421710937
1152913065
1076922548
1782107289
2444694123
2179380341
4157032799
3933043818
2850780535
4103896944
3708348336
3906638114
1974093917
1579333561
3083031344
4216378034
4081009494
3729808106
4146179663
450533348
2564319474
1913650504
1133527461
2267324262
1411631177
312728641
2956341372
882136239
2679107862
2563221013
3845218383
170281320
3231566918
378284793
3969718815
1911467625
1447406437
810184332
3368061797
2341219519
2586809144
1884164843
1382100226
1432908241
3047387615
3016645271
2105077268
679931871
2382859481
2892320231
3786364777
3780785828
1904820186
3914626691
4257068364
66443087
3207371274
3298679078
1736667302
2042309318
555512691
1353748039
3149010424
3794948270
3689508603
4269231510
1105135033
1171806616
1054888784
364175497
3829073086
3804896795
3596101990
1699757519
2137696876
3921288016
1690355608
1335020212
356438707
2095139721
4113344859
16579091
3335568690
1088898355
756239851
1473862875
1003261193
4239227027
3153966090
3371778735
362933837
1720860384
4007409301
587992725
2244556031
2300225230
3560688344
181700399
3754412690
2714316558
2230442837
675859915
1566529424
3375745534
1331162511
400156709
3420148711
502112586
2669920900
2971850806
1336449456
3160379221
3944026356
3978548860
662203150
3125164284
668114945
2599214497
338286492
113492150
241628112
871613018
194624384
1126571497
1844491672
3504186978
84281063
3811066960
2807186898
1381716993
802916485
3195373478
49801101
106852497
3193523220
970107878
3492580637
1884699596
792520164
2581490900
426998088
2833402981
1333497419
3938467800
3874651307
112940276
1097549572
2603546419
4057293365
3841400982
4130986812
1743359125
3787508178
330482919
3441969159
2512667596
1705020944
551527345
2209122122
4025846289
3458884887
2844171443
157871360
3817830193
824560697
1824347656
754648472
2346988106
3015032255
372084419
812411869
17716026
1559799377
259299854
3808105265
1446901430
3855767186
2517534536
2432442503
2437162906
1846855382
2493307747
2754801331
3057133750
2432272112
