2000 7390 1 2000
1 11 9457
2 12 2136
3 13 2293
4 14 6521
5 15 5411
6 16 5522
7 17 8389
8 18 3574
9 19 2224
10 20 7326
11 21 6024
12 22 9570
13 23 2477
14 24 6062
15 25 7197
16 26 6248
17 27 8225
18 28 6239
19 29 9900
20 30 2145
21 31 8477
22 32 6437
23 33 4970
24 34 7249
25 35 7649
26 36 3422
27 37 4211
28 38 9143
29 39 2437
30 40 7115
31 41 3542
32 42 2908
33 43 5981
34 44 9673
35 45 7369
36 46 4714
37 47 6830
38 48 4457
39 49 9476
40 50 9914
41 51 2639
42 52 7505
43 53 7687
44 54 6944
45 55 8466
46 56 6144
47 57 9719
48 58 1830
49 59 9396
50 60 7472
51 61 5556
52 62 2972
53 63 2128
54 64 5733
55 65 6299
56 66 3960
57 67 6349
58 68 2876
59 69 7941
60 70 1010
61 71 4672
62 72 4335
63 73 5933
64 74 5913
65 75 3625
66 76 6222
67 77 2097
68 78 9679
69 79 5315
70 80 7123
71 81 9964
72 82 3324
73 83 3909
74 84 8690
75 85 4190
76 86 9237
77 87 3751
78 88 5917
79 89 2240
80 90 8459
81 91 2761
82 92 6974
83 93 9685
84 94 6278
85 95 3931
86 96 9202
87 97 4095
88 98 6367
89 99 3194
90 100 3306
91 101 8739
92 102 4818
93 103 1319
94 104 2637
95 105 4385
96 106 8611
97 107 2879
98 108 7648
99 109 9098
100 110 9072
101 111 7288
102 112 3832
103 113 4370
104 114 8700
105 115 2448
106 116 2713
107 117 8729
108 118 4290
109 119 7310
110 120 7732
111 121 2240
112 122 9976
113 123 9844
114 124 6540
115 125 5355
116 126 3309
117 127 2777
118 128 9905
119 129 2071
120 130 7385
121 131 3627
122 132 9486
123 133 1923
124 134 6173
125 135 5205
126 136 4797
127 137 6364
128 138 4707
129 139 9163
130 140 3158
131 141 2663
132 142 9931
133 143 5766
134 144 3501
135 145 9460
136 146 4124
137 147 4987
138 148 7127
139 149 5196
140 150 9956
141 151 8054
142 152 5247
143 153 6308
144 154 5589
145 155 6623
146 156 3874
147 157 9051
148 158 6877
149 159 7922
150 160 5130
151 161 3255
152 162 1487
153 163 8543
154 164 9774
155 165 2693
156 166 4439
157 167 4278
158 168 1758
159 169 3168
160 170 6566
161 171 2899
162 172 1537
163 173 4652
164 174 5142
165 175 2130
166 176 2656
167 177 1727
168 178 4864
169 179 3892
170 180 1145
171 181 5666
172 182 6654
173 183 4744
174 184 1169
175 185 7936
176 186 3171
177 187 8318
178 188 2468
179 189 3312
180 190 2581
181 191 5981
182 192 7513
183 193 3207
184 194 2905
185 195 4154
186 196 7219
187 197 2691
188 198 8126
189 199 3321
190 200 7415
191 201 8565
192 202 5605
193 203 5781
194 204 3380
195 205 9313
196 206 8721
197 207 1544
198 208 7180
199 209 4930
200 210 5110
201 211 5866
202 212 1924
203 213 3024
204 214 3335
205 215 9895
206 216 1121
207 217 4093
208 218 1257
209 219 5113
210 220 5736
211 221 3795
212 222 9592
213 223 1675
214 224 2815
215 225 8937
216 226 3719
217 227 3225
218 228 2128
219 229 7914
220 230 3122
221 231 1994
222 232 5923
223 233 2484
224 234 9878
225 235 2236
226 236 9245
227 237 9312
228 238 5907
229 239 5376
230 240 7358
231 241 7998
232 242 4757
233 243 8527
234 244 9275
235 245 8029
236 246 9261
237 247 4765
238 248 4388
239 249 2344
240 250 6627
241 251 9009
242 252 8949
243 253 3747
244 254 1050
245 255 3254
246 256 7966
247 257 7316
248 258 5367
249 259 3806
250 260 1510
251 261 4150
252 262 6580
253 263 9137
254 264 7455
255 265 4262
256 266 8365
257 267 2420
258 268 4357
259 269 3552
260 270 2158
261 271 6649
262 272 5445
263 273 1814
264 274 1425
265 275 3198
266 276 9646
267 277 3788
268 278 3427
269 279 3577
270 280 4343
271 281 1780
272 282 8275
273 283 6923
274 284 8343
275 285 4834
276 286 9784
277 287 6919
278 288 3583
279 289 8283
280 290 2732
281 291 2431
282 292 2144
283 293 3286
284 294 7449
285 295 4922
286 296 6212
287 297 6741
288 298 5313
289 299 9045
290 300 5869
291 301 9455
292 302 6144
293 303 8216
294 304 2921
295 305 5379
296 306 5398
297 307 5935
298 308 6103
299 309 3613
300 310 8873
301 311 6403
302 312 6912
303 313 3820
304 314 9210
305 315 7995
306 316 2813
307 317 4555
308 318 6290
309 319 9765
310 320 8005
311 321 8507
312 322 7440
313 323 2302
314 324 3363
315 325 4772
316 326 3423
317 327 5400
318 328 9767
319 329 7686
320 330 8206
321 331 1459
322 332 3199
323 333 3561
324 334 2515
325 335 4782
326 336 8425
327 337 7701
328 338 6984
329 339 7017
330 340 8187
331 341 4697
332 342 2722
333 343 9562
334 344 3030
335 345 5715
336 346 4038
337 347 3176
338 348 8243
339 349 6397
340 350 2137
341 351 1657
342 352 2727
343 353 2442
344 354 3424
345 355 4248
346 356 3913
347 357 3293
348 358 7746
349 359 4968
350 360 4020
351 361 8398
352 362 6374
353 363 5259
354 364 7063
355 365 2955
356 366 2172
357 367 9898
358 368 9948
359 369 4520
360 370 8168
361 371 7905
362 372 1516
363 373 4935
364 374 1786
365 375 8842
366 376 5319
367 377 4660
368 378 4697
369 379 4460
370 380 2334
371 381 2505
372 382 5114
373 383 4044
374 384 1666
375 385 1693
376 386 4835
377 387 8618
378 388 8619
379 389 1348
380 390 9698
381 391 7715
382 392 6089
383 393 2915
384 394 8694
385 395 1653
386 396 7494
387 397 3127
388 398 9603
389 399 8159
390 400 2482
391 401 9891
392 402 5653
393 403 9087
394 404 9659
395 405 7678
396 406 6125
397 407 9283
398 408 7884
399 409 2581
400 410 7289
401 411 2422
402 412 1497
403 413 3390
404 414 9280
405 415 9271
406 416 9806
407 417 8951
408 418 4525
409 419 5251
410 420 1346
411 421 3346
412 422 7074
413 423 7480
414 424 8734
415 425 2130
416 426 4558
417 427 3525
418 428 6500
419 429 1122
420 430 7126
421 431 6938
422 432 4110
423 433 3903
424 434 8955
425 435 2517
426 436 9295
427 437 2991
428 438 3930
429 439 1664
430 440 5379
431 441 3551
432 442 1538
433 443 3293
434 444 5165
435 445 9309
436 446 6087
437 447 8743
438 448 5972
439 449 7209
440 450 7577
441 451 7660
442 452 1667
443 453 2428
444 454 6105
445 455 6723
446 456 6446
447 457 1488
448 458 1395
449 459 9344
450 460 9994
451 461 9906
452 462 5896
453 463 8198
454 464 6848
455 465 7747
456 466 7907
457 467 9086
458 468 9829
459 469 9338
460 470 3370
461 471 6245
462 472 1632
463 473 1632
464 474 1620
465 475 5126
466 476 9825
467 477 8955
468 478 2720
469 479 5939
470 480 7907
471 481 8369
472 482 1643
473 483 5387
474 484 2833
475 485 5976
476 486 9660
477 487 5726
478 488 1207
479 489 3728
480 490 2786
481 491 6531
482 492 9529
483 493 3538
484 494 3739
485 495 9881
486 496 8954
487 497 5807
488 498 1393
489 499 5191
490 500 4308
491 501 7316
492 502 8726
493 503 8379
494 504 8171
495 505 1743
496 506 7876
497 507 1295
498 508 8630
499 509 9507
500 510 5054
501 511 1589
502 512 6144
503 513 8957
504 514 1615
505 515 8490
506 516 8789
507 517 8510
508 518 7181
509 519 6751
510 520 1990
511 521 3777
512 522 1765
513 523 2553
514 524 8213
515 525 6059
516 526 4466
517 527 8082
518 528 2061
519 529 9522
520 530 2567
521 531 2055
522 532 5699
523 533 9573
524 534 2799
525 535 2887
526 536 9784
527 537 9306
528 538 6208
529 539 4631
530 540 4163
531 541 8962
532 542 9214
533 543 6264
534 544 9912
535 545 2144
536 546 5532
537 547 6902
538 548 8977
539 549 5001
540 550 6483
541 551 6126
542 552 9117
543 553 9903
544 554 4473
545 555 1438
546 556 5228
547 557 3323
548 558 2443
549 559 2210
550 560 6690
551 561 1297
552 562 4337
553 563 3816
554 564 2417
555 565 2159
556 566 5657
557 567 9545
558 568 4706
559 569 2248
560 570 5727
561 571 6472
562 572 9120
563 573 7202
564 574 2509
565 575 6119
566 576 7342
567 577 1524
568 578 7743
569 579 8381
570 580 2149
571 581 8230
572 582 8322
573 583 8577
574 584 3142
575 585 1996
576 586 1671
577 587 4955
578 588 7570
579 589 5324
580 590 4278
581 591 4100
582 592 6777
583 593 2028
584 594 2988
585 595 5166
586 596 2934
587 597 9564
588 598 7705
589 599 9561
590 600 2664
591 601 8812
592 602 4949
593 603 3574
594 604 2077
595 605 7188
596 606 4393
597 607 6641
598 608 7225
599 609 7015
600 610 6380
601 611 5048
602 612 5301
603 613 3180
604 614 5583
605 615 4497
606 616 2771
607 617 5752
608 618 4564
609 619 2503
610 620 4426
611 621 2504
612 622 9497
613 623 9293
614 624 8804
615 625 8842
616 626 3207
617 627 9448
618 628 8270
619 629 8548
620 630 3820
621 631 3952
622 632 9908
623 633 4968
624 634 1817
625 635 8182
626 636 7865
627 637 3286
628 638 4382
629 639 6585
630 640 3012
631 641 4706
632 642 5341
633 643 2191
634 644 4520
635 645 7182
636 646 6530
637 647 1011
638 648 9940
639 649 2265
640 650 8605
641 651 3892
642 652 2161
643 653 4476
644 654 2696
645 655 7324
646 656 9083
647 657 2374
648 658 4646
649 659 6959
650 660 1247
651 661 2788
652 662 9465
653 663 7473
654 664 1409
655 665 7059
656 666 1645
657 667 3596
658 668 4892
659 669 3264
660 670 5789
661 671 5479
662 672 1123
663 673 1440
664 674 2401
665 675 6906
666 676 1427
667 677 3043
668 678 6103
669 679 1087
670 680 2432
671 681 5823
672 682 1445
673 683 9177
674 684 6743
675 685 1959
676 686 8153
677 687 2626
678 688 9327
679 689 1039
680 690 9021
681 691 7797
682 692 4344
683 693 1803
684 694 5092
685 695 4699
686 696 3826
687 697 1669
688 698 5898
689 699 9984
690 700 9589
691 701 1968
692 702 1701
693 703 7262
694 704 8222
695 705 7116
696 706 8948
697 707 2147
698 708 2628
699 709 4166
700 710 1097
701 711 9075
702 712 1210
703 713 7994
704 714 3396
705 715 8321
706 716 8646
707 717 7252
708 718 1182
709 719 4761
710 720 9878
711 721 3117
712 722 4931
713 723 6477
714 724 6418
715 725 6016
716 726 6146
717 727 4774
718 728 7417
719 729 6963
720 730 6178
721 731 4909
722 732 3626
723 733 8207
724 734 8408
725 735 5788
726 736 2183
727 737 5881
728 738 2935
729 739 5018
730 740 3141
731 741 5231
732 742 1002
733 743 4944
734 744 2579
735 745 1098
736 746 2509
737 747 8375
738 748 4056
739 749 9100
740 750 7876
741 751 3053
742 752 8716
743 753 7615
744 754 9553
745 755 4414
746 756 3892
747 757 1671
748 758 3204
749 759 4038
750 760 7124
751 761 8796
752 762 5562
753 763 7728
754 764 9639
755 765 7122
756 766 3064
757 767 7887
758 768 8559
759 769 2443
760 770 2699
761 771 5296
762 772 9820
763 773 6615
764 774 7604
765 775 9023
766 776 1558
767 777 1603
768 778 9719
769 779 2778
770 780 2179
771 781 1703
772 782 5856
773 783 7391
774 784 1994
775 785 6692
776 786 6115
777 787 4351
778 788 5217
779 789 4157
780 790 7445
781 791 9680
782 792 9719
783 793 6432
784 794 1018
785 795 5660
786 796 7074
787 797 3486
788 798 4283
789 799 5645
790 800 3542
791 801 8542
792 802 9392
793 803 4955
794 804 5591
795 805 1190
796 806 1094
797 807 8304
798 808 8507
799 809 5166
800 810 8211
801 811 8918
802 812 5679
803 813 9660
804 814 5973
805 815 1830
806 816 4866
807 817 5952
808 818 5919
809 819 1583
810 820 3969
811 821 1162
812 822 8898
813 823 9747
814 824 5030
815 825 4238
816 826 7487
817 827 7419
818 828 9416
819 829 4600
820 830 2143
821 831 8443
822 832 9135
823 833 6771
824 834 4856
825 835 3164
826 836 6461
827 837 3160
828 838 7994
829 839 2428
830 840 1141
831 841 3439
832 842 7407
833 843 5395
834 844 5655
835 845 3185
836 846 3417
837 847 1242
838 848 4903
839 849 1197
840 850 7755
841 851 7319
842 852 9276
843 853 8475
844 854 2245
845 855 4573
846 856 5504
847 857 4977
848 858 3433
849 859 1454
850 860 5853
851 861 5687
852 862 5475
853 863 8231
854 864 4473
855 865 3224
856 866 6585
857 867 5150
858 868 8533
859 869 1127
860 870 6573
861 871 3966
862 872 1155
863 873 3683
864 874 7051
865 875 4474
866 876 4615
867 877 4494
868 878 7604
869 879 7612
870 880 4306
871 881 8122
872 882 2409
873 883 2328
874 884 3892
875 885 3717
876 886 5774
877 887 3746
878 888 4098
879 889 3292
880 890 5576
881 891 2695
882 892 7245
883 893 6387
884 894 4606
885 895 8275
886 896 5101
887 897 7275
888 898 3071
889 899 6906
890 900 7598
891 901 8288
892 902 7775
893 903 6387
894 904 3889
895 905 3443
896 906 5827
897 907 1392
898 908 2173
899 909 8406
900 910 6811
901 911 3898
902 912 2672
903 913 9902
904 914 7163
905 915 1093
906 916 5660
907 917 2263
908 918 6014
909 919 7702
910 920 4138
911 921 2090
912 922 9747
913 923 7715
914 924 7600
915 925 7302
916 926 6629
917 927 9241
918 928 9794
919 929 6734
920 930 2241
921 931 6433
922 932 8735
923 933 8807
924 934 4109
925 935 9155
926 936 6602
927 937 4365
928 938 4221
929 939 9261
930 940 9877
931 941 2627
932 942 2986
933 943 6663
934 944 3352
935 945 1429
936 946 4664
937 947 5878
938 948 4265
939 949 4626
940 950 4331
941 951 2878
942 952 5765
943 953 9525
944 954 6365
945 955 2803
946 956 7165
947 957 4135
948 958 4017
949 959 7956
950 960 1345
951 961 3910
952 962 8561
953 963 2567
954 964 9070
955 965 4123
956 966 2798
957 967 9671
958 968 2947
959 969 7304
960 970 1331
961 971 3738
962 972 3768
963 973 1357
964 974 6300
965 975 2080
966 976 9992
967 977 7783
968 978 8809
969 979 3403
970 980 2505
971 981 3817
972 982 4794
973 983 6512
974 984 9811
975 985 6700
976 986 5229
977 987 1828
978 988 2060
979 989 8178
980 990 6284
981 991 4490
982 992 2845
983 993 2515
984 994 1670
985 995 2639
986 996 2350
987 997 1682
988 998 1176
989 999 8344
990 1000 2989
991 1001 6312
992 1002 7295
993 1003 2788
994 1004 9176
995 1005 5538
996 1006 2826
997 1007 2221
998 1008 3558
999 1009 8395
1000 1010 5752
1001 1011 3893
1002 1012 7952
1003 1013 2687
1004 1014 6518
1005 1015 5630
1006 1016 2596
1007 1017 6951
1008 1018 3373
1009 1019 1070
1010 1020 9568
1011 1021 2952
1012 1022 1005
1013 1023 6298
1014 1024 1277
1015 1025 5756
1016 1026 2240
1017 1027 2421
1018 1028 4268
1019 1029 1291
1020 1030 7320
1021 1031 4697
1022 1032 3709
1023 1033 5750
1024 1034 5023
1025 1035 9134
1026 1036 6065
1027 1037 8862
1028 1038 2557
1029 1039 3361
1030 1040 5154
1031 1041 1486
1032 1042 3070
1033 1043 2161
1034 1044 6571
1035 1045 4620
1036 1046 5539
1037 1047 9827
1038 1048 4883
1039 1049 7606
1040 1050 3152
1041 1051 1497
1042 1052 7003
1043 1053 5757
1044 1054 3830
1045 1055 1298
1046 1056 8539
1047 1057 7320
1048 1058 6149
1049 1059 2322
1050 1060 4254
1051 1061 5253
1052 1062 5084
1053 1063 9540
1054 1064 9398
1055 1065 2798
1056 1066 1794
1057 1067 9572
1058 1068 5371
1059 1069 2662
1060 1070 1229
1061 1071 9862
1062 1072 1230
1063 1073 1404
1064 1074 3916
1065 1075 4431
1066 1076 1948
1067 1077 1328
1068 1078 4184
1069 1079 7612
1070 1080 3840
1071 1081 8839
1072 1082 8191
1073 1083 4988
1074 1084 8499
1075 1085 1356
1076 1086 9018
1077 1087 8340
1078 1088 5470
1079 1089 7361
1080 1090 1513
1081 1091 9725
1082 1092 7069
1083 1093 4640
1084 1094 1388
1085 1095 1655
1086 1096 3174
1087 1097 4606
1088 1098 3639
1089 1099 2510
1090 1100 6885
1091 1101 9781
1092 1102 5124
1093 1103 8571
1094 1104 2876
1095 1105 2113
1096 1106 9539
1097 1107 5031
1098 1108 3942
1099 1109 9409
1100 1110 5945
1101 1111 4991
1102 1112 3802
1103 1113 7757
1104 1114 7625
1105 1115 7724
1106 1116 2092
1107 1117 5895
1108 1118 8432
1109 1119 2279
1110 1120 1453
1111 1121 8262
1112 1122 1545
1113 1123 3715
1114 1124 6645
1115 1125 1054
1116 1126 6343
1117 1127 6706
1118 1128 5221
1119 1129 1480
1120 1130 6142
1121 1131 5268
1122 1132 9789
1123 1133 3605
1124 1134 7092
1125 1135 5073
1126 1136 1213
1127 1137 2358
1128 1138 9119
1129 1139 8604
1130 1140 7322
1131 1141 4970
1132 1142 4410
1133 1143 5937
1134 1144 5013
1135 1145 4727
1136 1146 5894
1137 1147 7152
1138 1148 4522
1139 1149 2588
1140 1150 2082
1141 1151 7694
1142 1152 4480
1143 1153 4041
1144 1154 8556
1145 1155 1909
1146 1156 9494
1147 1157 8423
1148 1158 8842
1149 1159 4489
1150 1160 2966
1151 1161 6235
1152 1162 7346
1153 1163 5609
1154 1164 3371
1155 1165 4855
1156 1166 6540
1157 1167 9215
1158 1168 7852
1159 1169 1359
1160 1170 2511
1161 1171 7127
1162 1172 6957
1163 1173 6620
1164 1174 5994
1165 1175 7219
1166 1176 5990
1167 1177 9169
1168 1178 4997
1169 1179 4460
1170 1180 8947
1171 1181 8494
1172 1182 1408
1173 1183 1862
1174 1184 3660
1175 1185 2048
1176 1186 7937
1177 1187 6925
1178 1188 4014
1179 1189 1242
1180 1190 3362
1181 1191 2001
1182 1192 3721
1183 1193 8024
1184 1194 9766
1185 1195 4716
1186 1196 4240
1187 1197 4720
1188 1198 6572
1189 1199 6467
1190 1200 2046
1191 1201 4873
1192 1202 9059
1193 1203 7146
1194 1204 1968
1195 1205 9749
1196 1206 3283
1197 1207 7957
1198 1208 8376
1199 1209 3853
1200 1210 1864
1201 1211 1719
1202 1212 5698
1203 1213 2357
1204 1214 2493
1205 1215 7561
1206 1216 6249
1207 1217 9573
1208 1218 2088
1209 1219 5131
1210 1220 4493
1211 1221 7457
1212 1222 7090
1213 1223 6542
1214 1224 4831
1215 1225 3626
1216 1226 3889
1217 1227 9474
1218 1228 3027
1219 1229 8990
1220 1230 5750
1221 1231 8347
1222 1232 7972
1223 1233 4451
1224 1234 3223
1225 1235 7727
1226 1236 3264
1227 1237 3294
1228 1238 9491
1229 1239 8648
1230 1240 5415
1231 1241 6027
1232 1242 7405
1233 1243 6562
1234 1244 1919
1235 1245 6447
1236 1246 5771
1237 1247 9887
1238 1248 3350
1239 1249 2594
1240 1250 3407
1241 1251 3139
1242 1252 4493
1243 1253 2870
1244 1254 1381
1245 1255 7899
1246 1256 5641
1247 1257 8499
1248 1258 9203
1249 1259 2692
1250 1260 8911
1251 1261 6355
1252 1262 4111
1253 1263 3319
1254 1264 4905
1255 1265 9068
1256 1266 8380
1257 1267 3287
1258 1268 9142
1259 1269 9216
1260 1270 5398
1261 1271 1365
1262 1272 1966
1263 1273 3002
1264 1274 8209
1265 1275 9110
1266 1276 9391
1267 1277 8917
1268 1278 3452
1269 1279 9600
1270 1280 5908
1271 1281 9345
1272 1282 3895
1273 1283 2635
1274 1284 6278
1275 1285 9506
1276 1286 9267
1277 1287 8224
1278 1288 8695
1279 1289 1418
1280 1290 1387
1281 1291 1623
1282 1292 5136
1283 1293 9527
1284 1294 6502
1285 1295 5975
1286 1296 1586
1287 1297 8072
1288 1298 8810
1289 1299 2912
1290 1300 5243
1291 1301 4951
1292 1302 3949
1293 1303 6355
1294 1304 6114
1295 1305 1098
1296 1306 1576
1297 1307 3764
1298 1308 7075
1299 1309 8185
1300 1310 4169
1301 1311 6792
1302 1312 7955
1303 1313 3676
1304 1314 8769
1305 1315 1448
1306 1316 6358
1307 1317 7927
1308 1318 9673
1309 1319 9860
1310 1320 1719
1311 1321 4022
1312 1322 1124
1313 1323 5405
1314 1324 6039
1315 1325 4664
1316 1326 5592
1317 1327 4866
1318 1328 2803
1319 1329 8066
1320 1330 2214
1321 1331 3941
1322 1332 3354
1323 1333 8195
1324 1334 6902
1325 1335 7344
1326 1336 1385
1327 1337 8912
1328 1338 9515
1329 1339 7604
1330 1340 1657
1331 1341 7151
1332 1342 4277
1333 1343 6163
1334 1344 2047
1335 1345 7584
1336 1346 7807
1337 1347 7650
1338 1348 3583
1339 1349 7039
1340 1350 2318
1341 1351 7443
1342 1352 8708
1343 1353 8687
1344 1354 6137
1345 1355 6489
1346 1356 4544
1347 1357 5352
1348 1358 6050
1349 1359 8741
1350 1360 4035
1351 1361 8584
1352 1362 8787
1353 1363 8434
1354 1364 6951
1355 1365 3211
1356 1366 9968
1357 1367 4903
1358 1368 4588
1359 1369 6860
1360 1370 8011
1361 1371 9262
1362 1372 9103
1363 1373 6058
1364 1374 5379
1365 1375 8720
1366 1376 7382
1367 1377 6281
1368 1378 8144
1369 1379 1103
1370 1380 3584
1371 1381 5291
1372 1382 4849
1373 1383 2601
1374 1384 8378
1375 1385 6670
1376 1386 5018
1377 1387 5517
1378 1388 5890
1379 1389 3147
1380 1390 2664
1381 1391 8341
1382 1392 2904
1383 1393 3387
1384 1394 6139
1385 1395 4120
1386 1396 1615
1387 1397 7115
1388 1398 7782
1389 1399 4521
1390 1400 5142
1391 1401 4555
1392 1402 8140
1393 1403 4552
1394 1404 4502
1395 1405 9793
1396 1406 6548
1397 1407 1270
1398 1408 7764
1399 1409 2866
1400 1410 7011
1401 1411 8866
1402 1412 3225
1403 1413 8916
1404 1414 5940
1405 1415 2893
1406 1416 3910
1407 1417 9279
1408 1418 2716
1409 1419 8675
1410 1420 7210
1411 1421 9595
1412 1422 8328
1413 1423 8809
1414 1424 1958
1415 1425 6902
1416 1426 5087
1417 1427 4537
1418 1428 3831
1419 1429 2051
1420 1430 5717
1421 1431 4931
1422 1432 7600
1423 1433 5842
1424 1434 9737
1425 1435 6643
1426 1436 9502
1427 1437 5532
1428 1438 1613
1429 1439 6547
1430 1440 9902
1431 1441 2116
1432 1442 4671
1433 1443 5536
1434 1444 3882
1435 1445 7964
1436 1446 8593
1437 1447 1511
1438 1448 1866
1439 1449 3255
1440 1450 7993
1441 1451 2873
1442 1452 4172
1443 1453 8832
1444 1454 1131
1445 1455 6358
1446 1456 9851
1447 1457 9530
1448 1458 6324
1449 1459 9041
1450 1460 1150
1451 1461 9494
1452 1462 2705
1453 1463 9616
1454 1464 9059
1455 1465 3496
1456 1466 1247
1457 1467 3931
1458 1468 8847
1459 1469 5946
1460 1470 9781
1461 1471 2789
1462 1472 7824
1463 1473 1610
1464 1474 3121
1465 1475 5128
1466 1476 8781
1467 1477 1099
1468 1478 9980
1469 1479 8816
1470 1480 3592
1471 1481 8858
1472 1482 2396
1473 1483 3179
1474 1484 3413
1475 1485 8391
1476 1486 2351
1477 1487 7011
1478 1488 2791
1479 1489 4213
1480 1490 5383
1481 1491 9960
1482 1492 1665
1483 1493 5797
1484 1494 1321
1485 1495 5961
1486 1496 2208
1487 1497 2431
1488 1498 6207
1489 1499 6535
1490 1500 1815
1491 1501 7425
1492 1502 3574
1493 1503 3809
1494 1504 2391
1495 1505 9807
1496 1506 9010
1497 1507 4716
1498 1508 2673
1499 1509 3351
1500 1510 4424
1501 1511 9680
1502 1512 4649
1503 1513 4783
1504 1514 6995
1505 1515 2082
1506 1516 4450
1507 1517 3990
1508 1518 5081
1509 1519 6472
1510 1520 3529
1511 1521 5779
1512 1522 7534
1513 1523 4910
1514 1524 5310
1515 1525 6131
1516 1526 2015
1517 1527 5692
1518 1528 6684
1519 1529 4168
1520 1530 3704
1521 1531 8857
1522 1532 4892
1523 1533 4613
1524 1534 5519
1525 1535 8665
1526 1536 5582
1527 1537 4266
1528 1538 5518
1529 1539 4037
1530 1540 8937
1531 1541 4761
1532 1542 7146
1533 1543 9290
1534 1544 6415
1535 1545 6723
1536 1546 1685
1537 1547 9199
1538 1548 9741
1539 1549 4266
1540 1550 2351
1541 1551 3916
1542 1552 3950
1543 1553 2418
1544 1554 1847
1545 1555 7707
1546 1556 1667
1547 1557 2488
1548 1558 3582
1549 1559 1236
1550 1560 2168
1551 1561 6746
1552 1562 1709
1553 1563 1843
1554 1564 9712
1555 1565 9124
1556 1566 3482
1557 1567 8864
1558 1568 8694
1559 1569 6920
1560 1570 5965
1561 1571 8190
1562 1572 4951
1563 1573 3292
1564 1574 7022
1565 1575 9718
1566 1576 6018
1567 1577 1915
1568 1578 6745
1569 1579 7984
1570 1580 8678
1571 1581 4507
1572 1582 8048
1573 1583 7927
1574 1584 2885
1575 1585 1458
1576 1586 8681
1577 1587 1535
1578 1588 9450
1579 1589 4399
1580 1590 9473
1581 1591 5598
1582 1592 8946
1583 1593 1222
1584 1594 6074
1585 1595 2769
1586 1596 1558
1587 1597 6353
1588 1598 8990
1589 1599 6627
1590 1600 8073
1591 1601 5209
1592 1602 5570
1593 1603 5667
1594 1604 4541
1595 1605 6346
1596 1606 4150
1597 1607 2345
1598 1608 5044
1599 1609 9731
1600 1610 4250
1601 1611 3230
1602 1612 2722
1603 1613 5728
1604 1614 2932
1605 1615 8467
1606 1616 4649
1607 1617 5409
1608 1618 2185
1609 1619 9348
1610 1620 5286
1611 1621 4571
1612 1622 6559
1613 1623 7655
1614 1624 4270
1615 1625 1631
1616 1626 5607
1617 1627 2350
1618 1628 8632
1619 1629 8063
1620 1630 7337
1621 1631 5478
1622 1632 3291
1623 1633 1698
1624 1634 9959
1625 1635 1057
1626 1636 1694
1627 1637 2803
1628 1638 4092
1629 1639 4812
1630 1640 4216
1631 1641 9291
1632 1642 7689
1633 1643 8884
1634 1644 4943
1635 1645 1286
1636 1646 4620
1637 1647 2800
1638 1648 6615
1639 1649 2798
1640 1650 4438
1641 1651 8988
1642 1652 9456
1643 1653 9878
1644 1654 9391
1645 1655 9693
1646 1656 7343
1647 1657 3855
1648 1658 5518
1649 1659 6096
1650 1660 2149
1651 1661 1393
1652 1662 8754
1653 1663 3663
1654 1664 3586
1655 1665 9560
1656 1666 4145
1657 1667 6329
1658 1668 7962
1659 1669 1915
1660 1670 3248
1661 1671 3294
1662 1672 7980
1663 1673 7129
1664 1674 9005
1665 1675 8317
1666 1676 4455
1667 1677 9115
1668 1678 9741
1669 1679 9141
1670 1680 8850
1671 1681 6614
1672 1682 6607
1673 1683 1758
1674 1684 5544
1675 1685 4511
1676 1686 4293
1677 1687 7737
1678 1688 4717
1679 1689 6897
1680 1690 5200
1681 1691 2854
1682 1692 2919
1683 1693 6913
1684 1694 6534
1685 1695 5338
1686 1696 9936
1687 1697 6879
1688 1698 6040
1689 1699 4274
1690 1700 9339
1691 1701 8767
1692 1702 6242
1693 1703 9434
1694 1704 3131
1695 1705 3512
1696 1706 6293
1697 1707 7685
1698 1708 5881
1699 1709 4334
1700 1710 7221
1701 1711 9027
1702 1712 5283
1703 1713 6807
1704 1714 2313
1705 1715 8178
1706 1716 1975
1707 1717 8550
1708 1718 8798
1709 1719 8969
1710 1720 6094
1711 1721 1787
1712 1722 1654
1713 1723 1630
1714 1724 4367
1715 1725 7619
1716 1726 7979
1717 1727 2797
1718 1728 6823
1719 1729 6209
1720 1730 6925
1721 1731 1757
1722 1732 5300
1723 1733 8703
1724 1734 1103
1725 1735 8576
1726 1736 9132
1727 1737 4286
1728 1738 2291
1729 1739 6441
1730 1740 5889
1731 1741 6594
1732 1742 2906
1733 1743 3472
1734 1744 9276
1735 1745 8075
1736 1746 1575
1737 1747 5610
1738 1748 4640
1739 1749 5034
1740 1750 4818
1741 1751 9469
1742 1752 7308
1743 1753 5015
1744 1754 4124
1745 1755 5718
1746 1756 5106
1747 1757 9851
1748 1758 3268
1749 1759 6126
1750 1760 4858
1751 1761 9401
1752 1762 9713
1753 1763 9505
1754 1764 1565
1755 1765 4739
1756 1766 8015
1757 1767 6654
1758 1768 4054
1759 1769 3871
1760 1770 5710
1761 1771 9256
1762 1772 3255
1763 1773 6021
1764 1774 6331
1765 1775 5418
1766 1776 5370
1767 1777 5036
1768 1778 3799
1769 1779 2634
1770 1780 1694
1771 1781 9783
1772 1782 4847
1773 1783 1959
1774 1784 1617
1775 1785 7815
1776 1786 4675
1777 1787 8140
1778 1788 4910
1779 1789 8811
1780 1790 3673
1781 1791 3121
1782 1792 7180
1783 1793 9467
1784 1794 5447
1785 1795 1455
1786 1796 3267
1787 1797 5492
1788 1798 1698
1789 1799 1867
1790 1800 8297
1791 1801 2370
1792 1802 9966
1793 1803 2705
1794 1804 5804
1795 1805 9223
1796 1806 5466
1797 1807 3524
1798 1808 4916
1799 1809 3931
1800 1810 9629
1801 1811 8007
1802 1812 7978
1803 1813 6804
1804 1814 8409
1805 1815 8649
1806 1816 6550
1807 1817 9666
1808 1818 1648
1809 1819 6215
1810 1820 9420
1811 1821 2274
1812 1822 5850
1813 1823 5458
1814 1824 9304
1815 1825 2668
1816 1826 7446
1817 1827 9958
1818 1828 8759
1819 1829 7945
1820 1830 9686
1821 1831 4231
1822 1832 3009
1823 1833 1571
1824 1834 9966
1825 1835 8910
1826 1836 7232
1827 1837 5549
1828 1838 8764
1829 1839 3807
1830 1840 9140
1831 1841 1909
1832 1842 3616
1833 1843 1366
1834 1844 7894
1835 1845 1498
1836 1846 7276
1837 1847 2992
1838 1848 6249
1839 1849 7823
1840 1850 7258
1841 1851 4139
1842 1852 5273
1843 1853 9119
1844 1854 1214
1845 1855 5000
1846 1856 2771
1847 1857 3306
1848 1858 7595
1849 1859 6761
1850 1860 4264
1851 1861 5985
1852 1862 8161
1853 1863 8957
1854 1864 6820
1855 1865 1992
1856 1866 4479
1857 1867 1009
1858 1868 4793
1859 1869 1774
1860 1870 1617
1861 1871 2814
1862 1872 1294
1863 1873 2864
1864 1874 5209
1865 1875 4220
1866 1876 7262
1867 1877 1678
1868 1878 3425
1869 1879 2871
1870 1880 2641
1871 1881 2187
1872 1882 5416
1873 1883 1817
1874 1884 9152
1875 1885 3445
1876 1886 6352
1877 1887 3940
1878 1888 8578
1879 1889 7432
1880 1890 1108
1881 1891 7950
1882 1892 9435
1883 1893 9617
1884 1894 4420
1885 1895 3642
1886 1896 8109
1887 1897 9537
1888 1898 9582
1889 1899 5187
1890 1900 2799
1891 1901 9587
1892 1902 3013
1893 1903 2068
1894 1904 9609
1895 1905 4145
1896 1906 6478
1897 1907 5459
1898 1908 9166
1899 1909 8305
1900 1910 4784
1901 1911 4722
1902 1912 4317
1903 1913 3557
1904 1914 5122
1905 1915 3845
1906 1916 4211
1907 1917 4641
1908 1918 8527
1909 1919 5957
1910 1920 6944
1911 1921 5463
1912 1922 6791
1913 1923 5804
1914 1924 6012
1915 1925 5118
1916 1926 1253
1917 1927 2992
1918 1928 8836
1919 1929 1931
1920 1930 3970
1921 1931 3370
1922 1932 6269
1923 1933 6787
1924 1934 5743
1925 1935 8375
1926 1936 2196
1927 1937 4529
1928 1938 9837
1929 1939 6084
1930 1940 8835
1931 1941 1950
1932 1942 8605
1933 1943 2316
1934 1944 3239
1935 1945 3184
1936 1946 1302
1937 1947 8791
1938 1948 6490
1939 1949 5272
1940 1950 5592
1941 1951 8755
1942 1952 3218
1943 1953 4986
1944 1954 6637
1945 1955 3562
1946 1956 7880
1947 1957 1143
1948 1958 7146
1949 1959 2606
1950 1960 3885
1951 1961 9701
1952 1962 2792
1953 1963 9420
1954 1964 9449
1955 1965 3234
1956 1966 7767
1957 1967 4520
1958 1968 9247
1959 1969 5022
1960 1970 8617
1961 1971 1659
1962 1972 2780
1963 1973 7837
1964 1974 1023
1965 1975 7762
1966 1976 6446
1967 1977 5059
1968 1978 9783
1969 1979 1304
1970 1980 3064
1971 1981 5490
1972 1982 7380
1973 1983 8996
1974 1984 4732
1975 1985 8084
1976 1986 7504
1977 1987 2917
1978 1988 4709
1979 1989 4098
1980 1990 4044
1981 1991 5668
1982 1992 5907
1983 1993 9545
1984 1994 7437
1985 1995 2090
1986 1996 6955
1987 1997 6543
1988 1998 8674
1989 1999 8273
1990 2000 5034
1 2 73
1 2 99
1 2 48
2 3 26
2 3 77
2 3 52
3 4 46
3 4 82
3 4 94
4 5 49
4 5 25
4 5 74
5 6 41
5 6 53
5 6 13
6 7 96
6 7 10
6 7 56
7 8 42
7 8 29
7 8 67
8 9 61
8 9 23
8 9 25
9 10 10
9 10 62
9 10 11
11 12 99
11 12 15
11 12 100
12 13 22
12 13 17
12 13 59
13 14 94
13 14 62
13 14 70
14 15 94
14 15 13
14 15 46
15 16 74
15 16 40
15 16 90
16 17 15
16 17 97
16 17 47
17 18 11
17 18 28
17 18 92
18 19 78
18 19 93
18 19 44
19 20 98
19 20 99
19 20 68
21 22 36
21 22 38
21 22 44
22 23 47
22 23 100
22 23 80
23 24 73
23 24 74
23 24 28
24 25 55
24 25 78
24 25 55
25 26 55
25 26 32
25 26 88
26 27 37
26 27 31
26 27 64
27 28 65
27 28 83
27 28 39
28 29 98
28 29 14
28 29 54
29 30 59
29 30 20
29 30 42
31 32 59
31 32 51
31 32 40
32 33 98
32 33 11
32 33 18
33 34 72
33 34 95
33 34 25
34 35 10
34 35 39
34 35 13
35 36 13
35 36 99
35 36 18
36 37 11
36 37 49
36 37 64
37 38 11
37 38 96
37 38 19
38 39 84
38 39 34
38 39 100
39 40 34
39 40 94
39 40 17
41 42 81
41 42 99
41 42 84
42 43 31
42 43 28
42 43 73
43 44 87
43 44 13
43 44 100
44 45 28
44 45 49
44 45 99
45 46 27
45 46 25
45 46 29
46 47 55
46 47 21
46 47 16
47 48 57
47 48 92
47 48 54
48 49 86
48 49 52
48 49 65
49 50 47
49 50 85
49 50 57
51 52 56
51 52 51
51 52 35
52 53 58
52 53 70
52 53 74
53 54 28
53 54 19
53 54 17
54 55 94
54 55 52
54 55 43
55 56 75
55 56 42
55 56 23
56 57 28
56 57 70
56 57 72
57 58 40
57 58 54
57 58 20
58 59 11
58 59 68
58 59 10
59 60 19
59 60 81
59 60 83
61 62 35
61 62 19
61 62 39
62 63 99
62 63 40
62 63 89
63 64 51
63 64 85
63 64 37
64 65 30
64 65 60
64 65 74
65 66 60
65 66 40
65 66 32
66 67 100
66 67 61
66 67 95
67 68 100
67 68 87
67 68 59
68 69 73
68 69 67
68 69 98
69 70 48
69 70 62
69 70 80
71 72 17
71 72 85
71 72 83
72 73 68
72 73 66
72 73 55
73 74 16
73 74 24
73 74 37
74 75 63
74 75 35
74 75 97
75 76 46
75 76 38
75 76 56
76 77 69
76 77 31
76 77 75
77 78 51
77 78 98
77 78 75
78 79 37
78 79 47
78 79 43
79 80 97
79 80 71
79 80 18
81 82 25
81 82 85
81 82 76
82 83 14
82 83 19
82 83 70
83 84 13
83 84 22
83 84 52
84 85 18
84 85 85
84 85 26
85 86 82
85 86 68
85 86 41
86 87 12
86 87 80
86 87 95
87 88 99
87 88 83
87 88 41
88 89 72
88 89 29
88 89 71
89 90 84
89 90 51
89 90 41
91 92 24
91 92 48
91 92 78
92 93 57
92 93 99
92 93 53
93 94 76
93 94 88
93 94 65
94 95 57
94 95 50
94 95 69
95 96 19
95 96 98
95 96 74
96 97 59
96 97 99
96 97 16
97 98 71
97 98 39
97 98 44
98 99 26
98 99 65
98 99 82
99 100 57
99 100 42
99 100 31
101 102 17
101 102 98
101 102 23
102 103 86
102 103 19
102 103 19
103 104 88
103 104 15
103 104 67
104 105 67
104 105 30
104 105 54
105 106 16
105 106 76
105 106 25
106 107 97
106 107 83
106 107 81
107 108 88
107 108 11
107 108 75
108 109 44
108 109 31
108 109 73
109 110 25
109 110 99
109 110 66
111 112 33
111 112 61
111 112 17
112 113 96
112 113 58
112 113 85
113 114 84
113 114 50
113 114 96
114 115 85
114 115 70
114 115 43
115 116 41
115 116 82
115 116 16
116 117 86
116 117 80
116 117 60
117 118 73
117 118 35
117 118 92
118 119 40
118 119 96
118 119 17
119 120 97
119 120 60
119 120 77
121 122 45
121 122 40
121 122 12
122 123 68
122 123 67
122 123 67
123 124 49
123 124 42
123 124 55
124 125 59
124 125 100
124 125 83
125 126 62
125 126 84
125 126 23
126 127 90
126 127 60
126 127 87
127 128 54
127 128 21
127 128 35
128 129 54
128 129 48
128 129 74
129 130 49
129 130 37
129 130 32
131 132 67
131 132 93
131 132 63
132 133 74
132 133 28
132 133 28
133 134 75
133 134 53
133 134 64
134 135 80
134 135 84
134 135 59
135 136 30
135 136 100
135 136 27
136 137 56
136 137 64
136 137 69
137 138 94
137 138 93
137 138 77
138 139 42
138 139 62
138 139 34
139 140 58
139 140 91
139 140 50
141 142 40
141 142 30
141 142 75
142 143 13
142 143 22
142 143 38
143 144 45
143 144 17
143 144 20
144 145 76
144 145 60
144 145 50
145 146 95
145 146 37
145 146 89
146 147 76
146 147 20
146 147 83
147 148 54
147 148 48
147 148 56
148 149 76
148 149 67
148 149 70
149 150 63
149 150 99
149 150 10
151 152 47
151 152 71
151 152 55
152 153 21
152 153 78
152 153 58
153 154 97
153 154 11
153 154 46
154 155 46
154 155 35
154 155 87
155 156 73
155 156 30
155 156 24
156 157 81
156 157 15
156 157 18
157 158 89
157 158 92
157 158 24
158 159 94
158 159 55
158 159 30
159 160 43
159 160 16
159 160 59
161 162 98
161 162 83
161 162 81
162 163 21
162 163 34
162 163 25
163 164 56
163 164 37
163 164 60
164 165 84
164 165 27
164 165 26
165 166 68
165 166 51
165 166 67
166 167 43
166 167 31
166 167 19
167 168 81
167 168 97
167 168 88
168 169 29
168 169 58
168 169 37
169 170 74
169 170 65
169 170 68
171 172 77
171 172 76
171 172 20
172 173 40
172 173 36
172 173 14
173 174 82
173 174 52
173 174 61
174 175 78
174 175 37
174 175 59
175 176 31
175 176 50
175 176 32
176 177 50
176 177 54
176 177 99
177 178 37
177 178 24
177 178 75
178 179 71
178 179 86
178 179 21
179 180 50
179 180 25
179 180 59
181 182 37
181 182 72
181 182 74
182 183 52
182 183 54
182 183 71
183 184 58
183 184 69
183 184 53
184 185 16
184 185 14
184 185 39
185 186 85
185 186 28
185 186 44
186 187 32
186 187 67
186 187 37
187 188 21
187 188 93
187 188 97
188 189 73
188 189 32
188 189 88
189 190 52
189 190 13
189 190 88
191 192 43
191 192 12
191 192 17
192 193 21
192 193 71
192 193 21
193 194 24
193 194 91
193 194 77
194 195 92
194 195 69
194 195 17
195 196 41
195 196 69
195 196 21
196 197 32
196 197 90
196 197 15
197 198 61
197 198 33
197 198 94
198 199 82
198 199 23
198 199 68
199 200 71
199 200 50
199 200 72
201 202 46
201 202 20
201 202 47
202 203 60
202 203 48
202 203 19
203 204 92
203 204 88
203 204 70
204 205 35
204 205 92
204 205 99
205 206 42
205 206 74
205 206 27
206 207 13
206 207 65
206 207 28
207 208 99
207 208 75
207 208 49
208 209 25
208 209 17
208 209 11
209 210 67
209 210 36
209 210 64
211 212 21
211 212 97
211 212 72
212 213 37
212 213 55
212 213 100
213 214 24
213 214 38
213 214 90
214 215 77
214 215 60
214 215 46
215 216 54
215 216 94
215 216 92
216 217 94
216 217 66
216 217 80
217 218 75
217 218 12
217 218 55
218 219 29
218 219 51
218 219 37
219 220 51
219 220 67
219 220 92
221 222 11
221 222 36
221 222 67
222 223 99
222 223 89
222 223 69
223 224 31
223 224 85
223 224 16
224 225 80
224 225 14
224 225 17
225 226 49
225 226 11
225 226 21
226 227 85
226 227 23
226 227 26
227 228 73
227 228 72
227 228 17
228 229 63
228 229 68
228 229 60
229 230 84
229 230 77
229 230 13
231 232 42
231 232 35
231 232 58
232 233 24
232 233 80
232 233 34
233 234 69
233 234 79
233 234 77
234 235 45
234 235 98
234 235 49
235 236 100
235 236 36
235 236 61
236 237 62
236 237 32
236 237 31
237 238 83
237 238 82
237 238 66
238 239 75
238 239 39
238 239 77
239 240 36
239 240 86
239 240 33
241 242 82
241 242 20
241 242 68
242 243 59
242 243 33
242 243 61
243 244 40
243 244 71
243 244 46
244 245 19
244 245 33
244 245 16
245 246 55
245 246 100
245 246 61
246 247 43
246 247 79
246 247 54
247 248 67
247 248 43
247 248 11
248 249 50
248 249 90
248 249 85
249 250 94
249 250 90
249 250 37
251 252 33
251 252 27
251 252 17
252 253 44
252 253 73
252 253 32
253 254 90
253 254 52
253 254 36
254 255 16
254 255 99
254 255 49
255 256 26
255 256 20
255 256 36
256 257 73
256 257 34
256 257 25
257 258 55
257 258 83
257 258 32
258 259 23
258 259 57
258 259 10
259 260 53
259 260 80
259 260 79
261 262 65
261 262 12
261 262 31
262 263 62
262 263 17
262 263 26
263 264 27
263 264 17
263 264 36
264 265 24
264 265 80
264 265 34
265 266 16
265 266 68
265 266 57
266 267 99
266 267 24
266 267 12
267 268 66
267 268 95
267 268 98
268 269 66
268 269 22
268 269 71
269 270 22
269 270 60
269 270 43
271 272 61
271 272 89
271 272 47
272 273 71
272 273 71
272 273 20
273 274 75
273 274 24
273 274 15
274 275 25
274 275 62
274 275 21
275 276 65
275 276 26
275 276 27
276 277 25
276 277 70
276 277 69
277 278 74
277 278 16
277 278 94
278 279 79
278 279 95
278 279 42
279 280 35
279 280 62
279 280 95
281 282 17
281 282 62
281 282 11
282 283 18
282 283 97
282 283 98
283 284 36
283 284 16
283 284 79
284 285 19
284 285 17
284 285 54
285 286 16
285 286 46
285 286 37
286 287 30
286 287 33
286 287 90
287 288 100
287 288 27
287 288 49
288 289 37
288 289 61
288 289 19
289 290 89
289 290 58
289 290 23
291 292 41
291 292 72
291 292 83
292 293 62
292 293 64
292 293 79
293 294 53
293 294 22
293 294 77
294 295 93
294 295 54
294 295 30
295 296 49
295 296 74
295 296 67
296 297 72
296 297 14
296 297 67
297 298 25
297 298 85
297 298 48
298 299 68
298 299 24
298 299 37
299 300 97
299 300 13
299 300 65
301 302 71
301 302 93
301 302 25
302 303 47
302 303 63
302 303 48
303 304 72
303 304 93
303 304 92
304 305 32
304 305 73
304 305 86
305 306 75
305 306 70
305 306 51
306 307 32
306 307 52
306 307 23
307 308 74
307 308 90
307 308 72
308 309 87
308 309 63
308 309 25
309 310 25
309 310 91
309 310 47
311 312 40
311 312 91
311 312 70
312 313 95
312 313 15
312 313 30
313 314 53
313 314 100
313 314 55
314 315 90
314 315 32
314 315 78
315 316 32
315 316 92
315 316 11
316 317 41
316 317 72
316 317 74
317 318 44
317 318 95
317 318 15
318 319 61
318 319 75
318 319 23
319 320 32
319 320 44
319 320 17
321 322 60
321 322 41
321 322 84
322 323 30
322 323 12
322 323 14
323 324 21
323 324 23
323 324 46
324 325 64
324 325 84
324 325 71
325 326 74
325 326 98
325 326 47
326 327 28
326 327 29
326 327 53
327 328 22
327 328 76
327 328 16
328 329 56
328 329 95
328 329 94
329 330 56
329 330 35
329 330 95
331 332 51
331 332 55
331 332 85
332 333 62
332 333 57
332 333 57
333 334 87
333 334 68
333 334 82
334 335 43
334 335 60
334 335 86
335 336 16
335 336 89
335 336 92
336 337 91
336 337 31
336 337 16
337 338 73
337 338 90
337 338 82
338 339 66
338 339 94
338 339 57
339 340 75
339 340 36
339 340 74
341 342 86
341 342 18
341 342 100
342 343 27
342 343 52
342 343 48
343 344 85
343 344 50
343 344 76
344 345 89
344 345 22
344 345 86
345 346 92
345 346 70
345 346 80
346 347 42
346 347 25
346 347 27
347 348 92
347 348 84
347 348 46
348 349 95
348 349 88
348 349 49
349 350 81
349 350 21
349 350 55
351 352 78
351 352 69
351 352 93
352 353 94
352 353 43
352 353 53
353 354 51
353 354 69
353 354 22
354 355 96
354 355 43
354 355 84
355 356 46
355 356 85
355 356 43
356 357 15
356 357 23
356 357 74
357 358 69
357 358 33
357 358 58
358 359 57
358 359 46
358 359 55
359 360 14
359 360 53
359 360 42
361 362 60
361 362 73
361 362 15
362 363 15
362 363 72
362 363 74
363 364 47
363 364 38
363 364 99
364 365 28
364 365 59
364 365 23
365 366 32
365 366 63
365 366 88
366 367 68
366 367 65
366 367 58
367 368 55
367 368 18
367 368 17
368 369 74
368 369 54
368 369 37
369 370 53
369 370 22
369 370 99
371 372 11
371 372 25
371 372 42
372 373 78
372 373 46
372 373 13
373 374 49
373 374 77
373 374 31
374 375 96
374 375 41
374 375 69
375 376 13
375 376 66
375 376 79
376 377 29
376 377 90
376 377 32
377 378 60
377 378 93
377 378 94
378 379 57
378 379 39
378 379 64
379 380 49
379 380 22
379 380 40
381 382 22
381 382 21
381 382 100
382 383 30
382 383 88
382 383 72
383 384 37
383 384 48
383 384 72
384 385 56
384 385 40
384 385 78
385 386 12
385 386 27
385 386 69
386 387 76
386 387 46
386 387 74
387 388 28
387 388 35
387 388 58
388 389 64
388 389 58
388 389 33
389 390 34
389 390 53
389 390 92
391 392 72
391 392 89
391 392 34
392 393 24
392 393 79
392 393 29
393 394 49
393 394 55
393 394 48
394 395 23
394 395 26
394 395 28
395 396 25
395 396 28
395 396 14
396 397 96
396 397 47
396 397 89
397 398 40
397 398 64
397 398 84
398 399 41
398 399 42
398 399 71
399 400 62
399 400 45
399 400 50
401 402 69
401 402 41
401 402 94
402 403 46
402 403 90
402 403 32
403 404 92
403 404 83
403 404 64
404 405 10
404 405 40
404 405 95
405 406 28
405 406 83
405 406 90
406 407 74
406 407 99
406 407 15
407 408 36
407 408 15
407 408 74
408 409 41
408 409 21
408 409 75
409 410 19
409 410 19
409 410 54
411 412 56
411 412 19
411 412 83
412 413 29
412 413 41
412 413 99
413 414 60
413 414 46
413 414 98
414 415 39
414 415 48
414 415 46
415 416 42
415 416 33
415 416 57
416 417 52
416 417 24
416 417 37
417 418 11
417 418 17
417 418 20
418 419 54
418 419 70
418 419 65
419 420 69
419 420 74
419 420 87
421 422 40
421 422 25
421 422 34
422 423 95
422 423 55
422 423 20
423 424 86
423 424 37
423 424 75
424 425 52
424 425 13
424 425 66
425 426 53
425 426 43
425 426 86
426 427 100
426 427 46
426 427 21
427 428 24
427 428 91
427 428 58
428 429 86
428 429 57
428 429 59
429 430 82
429 430 25
429 430 27
431 432 41
431 432 12
431 432 41
432 433 68
432 433 23
432 433 58
433 434 51
433 434 41
433 434 59
434 435 71
434 435 97
434 435 85
435 436 76
435 436 30
435 436 54
436 437 27
436 437 79
436 437 47
437 438 73
437 438 64
437 438 51
438 439 45
438 439 82
438 439 10
439 440 21
439 440 10
439 440 56
441 442 70
441 442 46
441 442 46
442 443 43
442 443 98
442 443 84
443 444 80
443 444 16
443 444 38
444 445 47
444 445 18
444 445 85
445 446 25
445 446 76
445 446 96
446 447 68
446 447 52
446 447 45
447 448 81
447 448 65
447 448 80
448 449 66
448 449 76
448 449 88
449 450 81
449 450 98
449 450 36
451 452 16
451 452 20
451 452 57
452 453 12
452 453 28
452 453 74
453 454 68
453 454 30
453 454 52
454 455 45
454 455 76
454 455 88
455 456 96
455 456 37
455 456 65
456 457 96
456 457 41
456 457 62
457 458 16
457 458 66
457 458 97
458 459 51
458 459 76
458 459 23
459 460 53
459 460 61
459 460 58
461 462 63
461 462 11
461 462 89
462 463 75
462 463 97
462 463 57
463 464 24
463 464 91
463 464 84
464 465 53
464 465 86
464 465 24
465 466 100
465 466 15
465 466 79
466 467 51
466 467 49
466 467 81
467 468 91
467 468 79
467 468 33
468 469 15
468 469 20
468 469 35
469 470 56
469 470 93
469 470 38
471 472 59
471 472 47
471 472 53
472 473 84
472 473 93
472 473 72
473 474 83
473 474 38
473 474 61
474 475 40
474 475 30
474 475 44
475 476 81
475 476 49
475 476 21
476 477 98
476 477 54
476 477 78
477 478 99
477 478 61
477 478 88
478 479 77
478 479 16
478 479 13
479 480 32
479 480 85
479 480 24
481 482 11
481 482 84
481 482 14
482 483 97
482 483 82
482 483 67
483 484 21
483 484 91
483 484 37
484 485 13
484 485 95
484 485 82
485 486 30
485 486 12
485 486 55
486 487 85
486 487 89
486 487 77
487 488 59
487 488 50
487 488 25
488 489 41
488 489 88
488 489 88
489 490 93
489 490 26
489 490 73
491 492 20
491 492 61
491 492 40
492 493 52
492 493 50
492 493 26
493 494 30
493 494 12
493 494 53
494 495 60
494 495 14
494 495 52
495 496 76
495 496 80
495 496 41
496 497 35
496 497 68
496 497 93
497 498 12
497 498 23
497 498 68
498 499 80
498 499 32
498 499 65
499 500 12
499 500 60
499 500 97
501 502 36
501 502 29
501 502 62
502 503 63
502 503 80
502 503 11
503 504 93
503 504 84
503 504 37
504 505 22
504 505 94
504 505 23
505 506 51
505 506 42
505 506 93
506 507 62
506 507 90
506 507 22
507 508 22
507 508 80
507 508 15
508 509 97
508 509 26
508 509 12
509 510 47
509 510 65
509 510 12
511 512 50
511 512 45
511 512 23
512 513 18
512 513 56
512 513 91
513 514 61
513 514 33
513 514 60
514 515 49
514 515 92
514 515 60
515 516 19
515 516 70
515 516 87
516 517 62
516 517 67
516 517 51
517 518 11
517 518 10
517 518 90
518 519 50
518 519 49
518 519 74
519 520 15
519 520 52
519 520 49
521 522 28
521 522 71
521 522 47
522 523 20
522 523 46
522 523 70
523 524 58
523 524 23
523 524 85
524 525 65
524 525 24
524 525 30
525 526 72
525 526 48
525 526 72
526 527 87
526 527 30
526 527 26
527 528 41
527 528 10
527 528 98
528 529 36
528 529 18
528 529 96
529 530 26
529 530 35
529 530 51
531 532 84
531 532 97
531 532 89
532 533 23
532 533 41
532 533 87
533 534 57
533 534 18
533 534 11
534 535 24
534 535 18
534 535 14
535 536 81
535 536 44
535 536 70
536 537 83
536 537 61
536 537 62
537 538 22
537 538 63
537 538 43
538 539 49
538 539 74
538 539 76
539 540 69
539 540 48
539 540 35
541 542 97
541 542 12
541 542 100
542 543 70
542 543 88
542 543 20
543 544 58
543 544 60
543 544 71
544 545 84
544 545 38
544 545 70
545 546 35
545 546 94
545 546 23
546 547 27
546 547 75
546 547 63
547 548 38
547 548 35
547 548 23
548 549 35
548 549 70
548 549 73
549 550 50
549 550 55
549 550 79
551 552 86
551 552 68
551 552 94
552 553 81
552 553 96
552 553 80
553 554 15
553 554 15
553 554 32
554 555 19
554 555 10
554 555 24
555 556 99
555 556 100
555 556 32
556 557 58
556 557 86
556 557 47
557 558 84
557 558 15
557 558 19
558 559 78
558 559 31
558 559 86
559 560 61
559 560 70
559 560 72
561 562 21
561 562 21
561 562 80
562 563 31
562 563 51
562 563 82
563 564 55
563 564 72
563 564 28
564 565 80
564 565 45
564 565 76
565 566 32
565 566 55
565 566 27
566 567 37
566 567 65
566 567 93
567 568 15
567 568 58
567 568 10
568 569 18
568 569 79
568 569 54
569 570 83
569 570 74
569 570 86
571 572 30
571 572 20
571 572 21
572 573 55
572 573 78
572 573 86
573 574 98
573 574 98
573 574 99
574 575 29
574 575 33
574 575 86
575 576 33
575 576 87
575 576 21
576 577 12
576 577 63
576 577 78
577 578 56
577 578 22
577 578 46
578 579 28
578 579 46
578 579 22
579 580 32
579 580 17
579 580 31
581 582 69
581 582 97
581 582 42
582 583 53
582 583 52
582 583 87
583 584 15
583 584 37
583 584 41
584 585 42
584 585 92
584 585 26
585 586 32
585 586 12
585 586 87
586 587 79
586 587 47
586 587 17
587 588 80
587 588 36
587 588 16
588 589 26
588 589 88
588 589 30
589 590 81
589 590 85
589 590 87
591 592 30
591 592 10
591 592 93
592 593 20
592 593 95
592 593 66
593 594 31
593 594 87
593 594 72
594 595 89
594 595 32
594 595 14
595 596 77
595 596 59
595 596 37
596 597 78
596 597 14
596 597 66
597 598 30
597 598 99
597 598 18
598 599 28
598 599 86
598 599 68
599 600 92
599 600 69
599 600 65
601 602 34
601 602 30
601 602 23
602 603 24
602 603 48
602 603 85
603 604 29
603 604 11
603 604 21
604 605 88
604 605 12
604 605 36
605 606 89
605 606 78
605 606 26
606 607 69
606 607 24
606 607 59
607 608 20
607 608 70
607 608 61
608 609 21
608 609 55
608 609 45
609 610 41
609 610 62
609 610 96
611 612 29
611 612 52
611 612 17
612 613 66
612 613 35
612 613 98
613 614 58
613 614 89
613 614 19
614 615 93
614 615 61
614 615 72
615 616 46
615 616 63
615 616 38
616 617 69
616 617 96
616 617 28
617 618 88
617 618 64
617 618 37
618 619 86
618 619 92
618 619 64
619 620 32
619 620 41
619 620 48
621 622 35
621 622 72
621 622 46
622 623 91
622 623 13
622 623 38
623 624 85
623 624 85
623 624 30
624 625 66
624 625 63
624 625 93
625 626 23
625 626 11
625 626 26
626 627 58
626 627 75
626 627 72
627 628 73
627 628 89
627 628 92
628 629 21
628 629 44
628 629 20
629 630 45
629 630 25
629 630 63
631 632 73
631 632 97
631 632 64
632 633 45
632 633 25
632 633 40
633 634 91
633 634 38
633 634 78
634 635 67
634 635 60
634 635 82
635 636 55
635 636 40
635 636 78
636 637 98
636 637 23
636 637 33
637 638 49
637 638 28
637 638 67
638 639 41
638 639 82
638 639 52
639 640 87
639 640 25
639 640 58
641 642 100
641 642 95
641 642 83
642 643 49
642 643 76
642 643 91
643 644 89
643 644 16
643 644 29
644 645 60
644 645 55
644 645 30
645 646 47
645 646 51
645 646 94
646 647 84
646 647 11
646 647 89
647 648 70
647 648 98
647 648 49
648 649 59
648 649 36
648 649 10
649 650 12
649 650 78
649 650 75
651 652 55
651 652 10
651 652 80
652 653 84
652 653 71
652 653 97
653 654 30
653 654 81
653 654 17
654 655 53
654 655 35
654 655 48
655 656 88
655 656 100
655 656 80
656 657 39
656 657 52
656 657 74
657 658 94
657 658 47
657 658 100
658 659 44
658 659 18
658 659 10
659 660 59
659 660 33
659 660 43
661 662 22
661 662 25
661 662 36
662 663 93
662 663 88
662 663 39
663 664 17
663 664 15
663 664 91
664 665 23
664 665 100
664 665 93
665 666 14
665 666 100
665 666 83
666 667 86
666 667 29
666 667 31
667 668 46
667 668 28
667 668 74
668 669 66
668 669 65
668 669 59
669 670 89
669 670 70
669 670 73
671 672 75
671 672 12
671 672 94
672 673 33
672 673 57
672 673 12
673 674 82
673 674 42
673 674 31
674 675 39
674 675 64
674 675 58
675 676 40
675 676 11
675 676 50
676 677 46
676 677 93
676 677 69
677 678 14
677 678 62
677 678 94
678 679 65
678 679 97
678 679 27
679 680 40
679 680 91
679 680 38
681 682 30
681 682 28
681 682 90
682 683 76
682 683 12
682 683 41
683 684 14
683 684 76
683 684 98
684 685 15
684 685 33
684 685 56
685 686 61
685 686 94
685 686 41
686 687 42
686 687 81
686 687 19
687 688 100
687 688 74
687 688 36
688 689 69
688 689 63
688 689 42
689 690 45
689 690 59
689 690 83
691 692 72
691 692 46
691 692 75
692 693 53
692 693 38
692 693 21
693 694 88
693 694 71
693 694 84
694 695 44
694 695 97
694 695 87
695 696 61
695 696 66
695 696 34
696 697 79
696 697 83
696 697 39
697 698 68
697 698 14
697 698 51
698 699 35
698 699 48
698 699 11
699 700 62
699 700 81
699 700 42
701 702 26
701 702 39
701 702 34
702 703 47
702 703 87
702 703 75
703 704 26
703 704 67
703 704 93
704 705 11
704 705 36
704 705 81
705 706 48
705 706 91
705 706 12
706 707 62
706 707 53
706 707 71
707 708 81
707 708 13
707 708 28
708 709 94
708 709 91
708 709 99
709 710 18
709 710 73
709 710 33
711 712 95
711 712 45
711 712 26
712 713 74
712 713 49
712 713 54
713 714 37
713 714 36
713 714 55
714 715 50
714 715 63
714 715 100
715 716 89
715 716 74
715 716 69
716 717 29
716 717 38
716 717 93
717 718 12
717 718 94
717 718 53
718 719 83
718 719 88
718 719 40
719 720 72
719 720 39
719 720 47
721 722 16
721 722 19
721 722 75
722 723 12
722 723 73
722 723 69
723 724 36
723 724 55
723 724 83
724 725 94
724 725 53
724 725 93
725 726 34
725 726 26
725 726 73
726 727 14
726 727 79
726 727 44
727 728 68
727 728 42
727 728 56
728 729 16
728 729 72
728 729 53
729 730 21
729 730 80
729 730 75
731 732 83
731 732 25
731 732 96
732 733 55
732 733 96
732 733 42
733 734 68
733 734 72
733 734 46
734 735 57
734 735 73
734 735 100
735 736 76
735 736 27
735 736 69
736 737 92
736 737 52
736 737 51
737 738 93
737 738 51
737 738 39
738 739 47
738 739 54
738 739 45
739 740 35
739 740 66
739 740 50
741 742 80
741 742 99
741 742 27
742 743 80
742 743 84
742 743 28
743 744 26
743 744 98
743 744 24
744 745 85
744 745 80
744 745 69
745 746 40
745 746 20
745 746 51
746 747 80
746 747 64
746 747 14
747 748 90
747 748 90
747 748 20
748 749 67
748 749 24
748 749 21
749 750 53
749 750 21
749 750 49
751 752 11
751 752 59
751 752 56
752 753 89
752 753 28
752 753 85
753 754 53
753 754 13
753 754 19
754 755 56
754 755 31
754 755 30
755 756 33
755 756 84
755 756 39
756 757 97
756 757 97
756 757 64
757 758 88
757 758 17
757 758 81
758 759 81
758 759 35
758 759 99
759 760 59
759 760 72
759 760 34
761 762 92
761 762 92
761 762 14
762 763 43
762 763 10
762 763 85
763 764 67
763 764 79
763 764 76
764 765 26
764 765 84
764 765 77
765 766 91
765 766 30
765 766 71
766 767 97
766 767 57
766 767 22
767 768 34
767 768 49
767 768 68
768 769 58
768 769 78
768 769 17
769 770 63
769 770 49
769 770 71
771 772 48
771 772 81
771 772 24
772 773 89
772 773 34
772 773 19
773 774 85
773 774 23
773 774 60
774 775 39
774 775 11
774 775 16
775 776 50
775 776 67
775 776 87
776 777 72
776 777 86
776 777 37
777 778 18
777 778 15
777 778 39
778 779 10
778 779 78
778 779 44
779 780 45
779 780 72
779 780 87
781 782 26
781 782 71
781 782 43
782 783 52
782 783 37
782 783 21
783 784 73
783 784 65
783 784 65
784 785 28
784 785 36
784 785 56
785 786 49
785 786 92
785 786 70
786 787 54
786 787 89
786 787 54
787 788 84
787 788 46
787 788 44
788 789 43
788 789 43
788 789 58
789 790 39
789 790 73
789 790 38
791 792 64
791 792 42
791 792 27
792 793 35
792 793 91
792 793 15
793 794 100
793 794 30
793 794 85
794 795 42
794 795 85
794 795 32
795 796 56
795 796 13
795 796 32
796 797 84
796 797 69
796 797 80
797 798 49
797 798 80
797 798 50
798 799 56
798 799 52
798 799 25
799 800 25
799 800 16
799 800 67
801 802 57
801 802 61
801 802 33
802 803 76
802 803 92
802 803 36
803 804 52
803 804 22
803 804 87
804 805 38
804 805 59
804 805 62
805 806 50
805 806 20
805 806 39
806 807 48
806 807 43
806 807 74
807 808 67
807 808 53
807 808 44
808 809 28
808 809 82
808 809 37
809 810 15
809 810 56
809 810 40
811 812 69
811 812 25
811 812 72
812 813 16
812 813 74
812 813 66
813 814 32
813 814 52
813 814 29
814 815 21
814 815 96
814 815 74
815 816 42
815 816 81
815 816 71
816 817 56
816 817 100
816 817 50
817 818 40
817 818 43
817 818 80
818 819 47
818 819 56
818 819 96
819 820 45
819 820 48
819 820 55
821 822 40
821 822 48
821 822 75
822 823 56
822 823 57
822 823 64
823 824 13
823 824 51
823 824 68
824 825 83
824 825 13
824 825 100
825 826 59
825 826 77
825 826 83
826 827 97
826 827 30
826 827 37
827 828 35
827 828 56
827 828 66
828 829 99
828 829 26
828 829 73
829 830 50
829 830 33
829 830 55
831 832 34
831 832 43
831 832 69
832 833 43
832 833 76
832 833 29
833 834 27
833 834 93
833 834 47
834 835 71
834 835 36
834 835 56
835 836 11
835 836 55
835 836 46
836 837 42
836 837 35
836 837 68
837 838 66
837 838 27
837 838 97
838 839 100
838 839 66
838 839 26
839 840 58
839 840 62
839 840 24
841 842 51
841 842 17
841 842 71
842 843 72
842 843 40
842 843 93
843 844 95
843 844 39
843 844 87
844 845 69
844 845 95
844 845 38
845 846 89
845 846 47
845 846 21
846 847 92
846 847 32
846 847 73
847 848 37
847 848 38
847 848 64
848 849 20
848 849 82
848 849 45
849 850 97
849 850 76
849 850 22
851 852 22
851 852 32
851 852 60
852 853 34
852 853 22
852 853 77
853 854 29
853 854 90
853 854 32
854 855 47
854 855 67
854 855 49
855 856 78
855 856 45
855 856 95
856 857 26
856 857 29
856 857 86
857 858 27
857 858 61
857 858 24
858 859 51
858 859 70
858 859 77
859 860 28
859 860 76
859 860 90
861 862 71
861 862 32
861 862 54
862 863 77
862 863 32
862 863 46
863 864 81
863 864 74
863 864 44
864 865 58
864 865 22
864 865 26
865 866 82
865 866 47
865 866 22
866 867 36
866 867 41
866 867 19
867 868 72
867 868 67
867 868 64
868 869 21
868 869 67
868 869 61
869 870 55
869 870 47
869 870 87
871 872 50
871 872 70
871 872 51
872 873 60
872 873 42
872 873 34
873 874 46
873 874 20
873 874 48
874 875 96
874 875 87
874 875 62
875 876 45
875 876 28
875 876 20
876 877 81
876 877 32
876 877 39
877 878 43
877 878 25
877 878 44
878 879 66
878 879 59
878 879 44
879 880 74
879 880 84
879 880 43
881 882 48
881 882 48
881 882 87
882 883 19
882 883 75
882 883 77
883 884 80
883 884 14
883 884 26
884 885 75
884 885 67
884 885 92
885 886 67
885 886 79
885 886 84
886 887 65
886 887 13
886 887 55
887 888 99
887 888 36
887 888 81
888 889 89
888 889 39
888 889 10
889 890 64
889 890 11
889 890 23
891 892 63
891 892 99
891 892 18
892 893 57
892 893 67
892 893 73
893 894 68
893 894 28
893 894 98
894 895 32
894 895 50
894 895 30
895 896 40
895 896 80
895 896 22
896 897 52
896 897 23
896 897 20
897 898 13
897 898 19
897 898 17
898 899 22
898 899 78
898 899 53
899 900 32
899 900 53
899 900 40
901 902 52
901 902 60
901 902 77
902 903 27
902 903 69
902 903 89
903 904 10
903 904 69
903 904 64
904 905 89
904 905 100
904 905 58
905 906 46
905 906 19
905 906 48
906 907 22
906 907 85
906 907 42
907 908 93
907 908 97
907 908 37
908 909 50
908 909 72
908 909 16
909 910 22
909 910 92
909 910 45
911 912 45
911 912 97
911 912 74
912 913 88
912 913 27
912 913 54
913 914 55
913 914 59
913 914 33
914 915 15
914 915 21
914 915 35
915 916 37
915 916 58
915 916 23
916 917 89
916 917 57
916 917 15
917 918 72
917 918 100
917 918 26
918 919 72
918 919 57
918 919 20
919 920 19
919 920 90
919 920 65
921 922 99
921 922 37
921 922 45
922 923 30
922 923 71
922 923 49
923 924 70
923 924 78
923 924 46
924 925 27
924 925 67
924 925 80
925 926 100
925 926 15
925 926 56
926 927 44
926 927 29
926 927 70
927 928 49
927 928 11
927 928 48
928 929 92
928 929 83
928 929 61
929 930 88
929 930 97
929 930 62
931 932 40
931 932 47
931 932 29
932 933 79
932 933 65
932 933 56
933 934 93
933 934 74
933 934 97
934 935 89
934 935 99
934 935 58
935 936 33
935 936 68
935 936 78
936 937 26
936 937 30
936 937 98
937 938 98
937 938 75
937 938 85
938 939 88
938 939 22
938 939 51
939 940 40
939 940 73
939 940 78
941 942 80
941 942 65
941 942 10
942 943 45
942 943 15
942 943 45
943 944 16
943 944 33
943 944 92
944 945 86
944 945 66
944 945 64
945 946 71
945 946 66
945 946 17
946 947 54
946 947 75
946 947 40
947 948 31
947 948 97
947 948 42
948 949 54
948 949 66
948 949 75
949 950 54
949 950 100
949 950 92
951 952 55
951 952 27
951 952 85
952 953 59
952 953 43
952 953 24
953 954 42
953 954 34
953 954 43
954 955 45
954 955 39
954 955 71
955 956 68
955 956 31
955 956 74
956 957 45
956 957 38
956 957 59
957 958 60
957 958 80
957 958 86
958 959 48
958 959 21
958 959 64
959 960 60
959 960 16
959 960 19
961 962 34
961 962 71
961 962 54
962 963 49
962 963 66
962 963 28
963 964 59
963 964 79
963 964 38
964 965 64
964 965 54
964 965 78
965 966 87
965 966 18
965 966 17
966 967 71
966 967 14
966 967 27
967 968 99
967 968 61
967 968 63
968 969 80
968 969 20
968 969 53
969 970 36
969 970 52
969 970 79
971 972 71
971 972 99
971 972 39
972 973 52
972 973 25
972 973 86
973 974 29
973 974 29
973 974 19
974 975 80
974 975 16
974 975 46
975 976 22
975 976 65
975 976 38
976 977 80
976 977 45
976 977 46
977 978 62
977 978 59
977 978 77
978 979 70
978 979 41
978 979 46
979 980 87
979 980 52
979 980 85
981 982 20
981 982 21
981 982 85
982 983 71
982 983 10
982 983 62
983 984 19
983 984 45
983 984 80
984 985 84
984 985 82
984 985 79
985 986 37
985 986 60
985 986 47
986 987 57
986 987 26
986 987 88
987 988 31
987 988 65
987 988 57
988 989 48
988 989 85
988 989 89
989 990 15
989 990 70
989 990 27
991 992 46
991 992 58
991 992 46
992 993 31
992 993 90
992 993 47
993 994 11
993 994 76
993 994 90
994 995 99
994 995 14
994 995 39
995 996 61
995 996 13
995 996 79
996 997 16
996 997 75
996 997 43
997 998 58
997 998 36
997 998 70
998 999 37
998 999 34
998 999 43
999 1000 81
999 1000 77
999 1000 86
1001 1002 48
1001 1002 10
1001 1002 96
1002 1003 44
1002 1003 44
1002 1003 80
1003 1004 19
1003 1004 88
1003 1004 64
1004 1005 58
1004 1005 48
1004 1005 69
1005 1006 98
1005 1006 12
1005 1006 31
1006 1007 86
1006 1007 13
1006 1007 37
1007 1008 49
1007 1008 40
1007 1008 25
1008 1009 29
1008 1009 98
1008 1009 96
1009 1010 56
1009 1010 96
1009 1010 78
1011 1012 20
1011 1012 54
1011 1012 81
1012 1013 11
1012 1013 79
1012 1013 86
1013 1014 36
1013 1014 69
1013 1014 31
1014 1015 89
1014 1015 25
1014 1015 87
1015 1016 18
1015 1016 86
1015 1016 73
1016 1017 28
1016 1017 96
1016 1017 62
1017 1018 25
1017 1018 11
1017 1018 88
1018 1019 59
1018 1019 10
1018 1019 93
1019 1020 73
1019 1020 18
1019 1020 26
1021 1022 88
1021 1022 58
1021 1022 63
1022 1023 86
1022 1023 40
1022 1023 30
1023 1024 26
1023 1024 35
1023 1024 33
1024 1025 52
1024 1025 61
1024 1025 49
1025 1026 12
1025 1026 60
1025 1026 95
1026 1027 33
1026 1027 28
1026 1027 35
1027 1028 54
1027 1028 53
1027 1028 17
1028 1029 90
1028 1029 39
1028 1029 58
1029 1030 37
1029 1030 19
1029 1030 37
1031 1032 22
1031 1032 94
1031 1032 39
1032 1033 41
1032 1033 70
1032 1033 65
1033 1034 32
1033 1034 77
1033 1034 26
1034 1035 33
1034 1035 24
1034 1035 52
1035 1036 75
1035 1036 43
1035 1036 85
1036 1037 63
1036 1037 48
1036 1037 87
1037 1038 83
1037 1038 100
1037 1038 46
1038 1039 73
1038 1039 81
1038 1039 60
1039 1040 75
1039 1040 38
1039 1040 100
1041 1042 47
1041 1042 24
1041 1042 40
1042 1043 63
1042 1043 69
1042 1043 45
1043 1044 52
1043 1044 64
1043 1044 36
1044 1045 14
1044 1045 28
1044 1045 87
1045 1046 43
1045 1046 41
1045 1046 95
1046 1047 74
1046 1047 81
1046 1047 43
1047 1048 15
1047 1048 58
1047 1048 72
1048 1049 90
1048 1049 58
1048 1049 79
1049 1050 81
1049 1050 84
1049 1050 41
1051 1052 55
1051 1052 98
1051 1052 17
1052 1053 17
1052 1053 99
1052 1053 11
1053 1054 49
1053 1054 26
1053 1054 95
1054 1055 99
1054 1055 41
1054 1055 78
1055 1056 80
1055 1056 97
1055 1056 63
1056 1057 44
1056 1057 45
1056 1057 89
1057 1058 18
1057 1058 69
1057 1058 11
1058 1059 52
1058 1059 49
1058 1059 56
1059 1060 53
1059 1060 21
1059 1060 82
1061 1062 40
1061 1062 63
1061 1062 82
1062 1063 59
1062 1063 39
1062 1063 60
1063 1064 68
1063 1064 31
1063 1064 38
1064 1065 90
1064 1065 52
1064 1065 23
1065 1066 39
1065 1066 49
1065 1066 83
1066 1067 39
1066 1067 33
1066 1067 63
1067 1068 66
1067 1068 86
1067 1068 69
1068 1069 71
1068 1069 100
1068 1069 37
1069 1070 76
1069 1070 39
1069 1070 38
1071 1072 62
1071 1072 41
1071 1072 48
1072 1073 82
1072 1073 43
1072 1073 38
1073 1074 41
1073 1074 80
1073 1074 75
1074 1075 98
1074 1075 28
1074 1075 20
1075 1076 93
1075 1076 71
1075 1076 57
1076 1077 77
1076 1077 28
1076 1077 50
1077 1078 10
1077 1078 95
1077 1078 82
1078 1079 81
1078 1079 32
1078 1079 36
1079 1080 73
1079 1080 86
1079 1080 74
1081 1082 17
1081 1082 34
1081 1082 43
1082 1083 67
1082 1083 21
1082 1083 64
1083 1084 42
1083 1084 43
1083 1084 75
1084 1085 42
1084 1085 26
1084 1085 25
1085 1086 38
1085 1086 94
1085 1086 96
1086 1087 84
1086 1087 59
1086 1087 97
1087 1088 84
1087 1088 81
1087 1088 46
1088 1089 97
1088 1089 84
1088 1089 38
1089 1090 65
1089 1090 76
1089 1090 58
1091 1092 40
1091 1092 38
1091 1092 40
1092 1093 62
1092 1093 10
1092 1093 55
1093 1094 27
1093 1094 20
1093 1094 13
1094 1095 59
1094 1095 47
1094 1095 19
1095 1096 77
1095 1096 93
1095 1096 45
1096 1097 76
1096 1097 65
1096 1097 90
1097 1098 94
1097 1098 41
1097 1098 91
1098 1099 17
1098 1099 11
1098 1099 29
1099 1100 84
1099 1100 59
1099 1100 61
1101 1102 45
1101 1102 11
1101 1102 34
1102 1103 12
1102 1103 10
1102 1103 99
1103 1104 14
1103 1104 67
1103 1104 68
1104 1105 86
1104 1105 20
1104 1105 84
1105 1106 23
1105 1106 23
1105 1106 65
1106 1107 23
1106 1107 78
1106 1107 100
1107 1108 62
1107 1108 32
1107 1108 71
1108 1109 47
1108 1109 32
1108 1109 48
1109 1110 23
1109 1110 13
1109 1110 28
1111 1112 16
1111 1112 21
1111 1112 52
1112 1113 68
1112 1113 42
1112 1113 56
1113 1114 47
1113 1114 12
1113 1114 74
1114 1115 49
1114 1115 65
1114 1115 63
1115 1116 11
1115 1116 26
1115 1116 36
1116 1117 75
1116 1117 79
1116 1117 81
1117 1118 55
1117 1118 91
1117 1118 60
1118 1119 40
1118 1119 95
1118 1119 59
1119 1120 39
1119 1120 100
1119 1120 12
1121 1122 49
1121 1122 36
1121 1122 14
1122 1123 11
1122 1123 86
1122 1123 67
1123 1124 31
1123 1124 35
1123 1124 46
1124 1125 26
1124 1125 83
1124 1125 55
1125 1126 10
1125 1126 13
1125 1126 60
1126 1127 14
1126 1127 79
1126 1127 25
1127 1128 33
1127 1128 26
1127 1128 25
1128 1129 87
1128 1129 88
1128 1129 98
1129 1130 93
1129 1130 75
1129 1130 29
1131 1132 61
1131 1132 40
1131 1132 65
1132 1133 67
1132 1133 31
1132 1133 84
1133 1134 10
1133 1134 77
1133 1134 10
1134 1135 31
1134 1135 10
1134 1135 59
1135 1136 97
1135 1136 21
1135 1136 93
1136 1137 63
1136 1137 51
1136 1137 95
1137 1138 64
1137 1138 10
1137 1138 59
1138 1139 82
1138 1139 52
1138 1139 53
1139 1140 99
1139 1140 65
1139 1140 24
1141 1142 19
1141 1142 58
1141 1142 81
1142 1143 36
1142 1143 98
1142 1143 13
1143 1144 57
1143 1144 71
1143 1144 15
1144 1145 97
1144 1145 77
1144 1145 58
1145 1146 97
1145 1146 14
1145 1146 62
1146 1147 38
1146 1147 59
1146 1147 82
1147 1148 66
1147 1148 89
1147 1148 77
1148 1149 75
1148 1149 88
1148 1149 30
1149 1150 10
1149 1150 87
1149 1150 85
1151 1152 95
1151 1152 27
1151 1152 16
1152 1153 22
1152 1153 63
1152 1153 29
1153 1154 61
1153 1154 38
1153 1154 28
1154 1155 66
1154 1155 11
1154 1155 46
1155 1156 57
1155 1156 40
1155 1156 96
1156 1157 29
1156 1157 54
1156 1157 33
1157 1158 55
1157 1158 100
1157 1158 65
1158 1159 56
1158 1159 80
1158 1159 43
1159 1160 35
1159 1160 26
1159 1160 55
1161 1162 17
1161 1162 56
1161 1162 99
1162 1163 80
1162 1163 53
1162 1163 90
1163 1164 57
1163 1164 24
1163 1164 99
1164 1165 24
1164 1165 67
1164 1165 80
1165 1166 27
1165 1166 70
1165 1166 51
1166 1167 44
1166 1167 56
1166 1167 40
1167 1168 13
1167 1168 53
1167 1168 34
1168 1169 74
1168 1169 26
1168 1169 77
1169 1170 30
1169 1170 72
1169 1170 55
1171 1172 72
1171 1172 22
1171 1172 84
1172 1173 91
1172 1173 62
1172 1173 71
1173 1174 24
1173 1174 86
1173 1174 61
1174 1175 89
1174 1175 14
1174 1175 66
1175 1176 48
1175 1176 96
1175 1176 12
1176 1177 50
1176 1177 22
1176 1177 76
1177 1178 21
1177 1178 90
1177 1178 89
1178 1179 52
1178 1179 37
1178 1179 34
1179 1180 61
1179 1180 39
1179 1180 49
1181 1182 83
1181 1182 71
1181 1182 96
1182 1183 46
1182 1183 44
1182 1183 96
1183 1184 35
1183 1184 96
1183 1184 16
1184 1185 13
1184 1185 71
1184 1185 76
1185 1186 55
1185 1186 31
1185 1186 96
1186 1187 69
1186 1187 45
1186 1187 57
1187 1188 91
1187 1188 33
1187 1188 31
1188 1189 32
1188 1189 63
1188 1189 35
1189 1190 60
1189 1190 81
1189 1190 26
1191 1192 13
1191 1192 13
1191 1192 95
1192 1193 43
1192 1193 93
1192 1193 23
1193 1194 49
1193 1194 76
1193 1194 42
1194 1195 45
1194 1195 56
1194 1195 68
1195 1196 91
1195 1196 77
1195 1196 44
1196 1197 87
1196 1197 37
1196 1197 98
1197 1198 12
1197 1198 77
1197 1198 52
1198 1199 58
1198 1199 30
1198 1199 61
1199 1200 29
1199 1200 63
1199 1200 64
1201 1202 10
1201 1202 18
1201 1202 74
1202 1203 44
1202 1203 13
1202 1203 54
1203 1204 68
1203 1204 93
1203 1204 56
1204 1205 45
1204 1205 85
1204 1205 21
1205 1206 10
1205 1206 20
1205 1206 21
1206 1207 46
1206 1207 62
1206 1207 66
1207 1208 45
1207 1208 76
1207 1208 24
1208 1209 60
1208 1209 83
1208 1209 13
1209 1210 54
1209 1210 54
1209 1210 34
1211 1212 75
1211 1212 96
1211 1212 100
1212 1213 87
1212 1213 10
1212 1213 19
1213 1214 84
1213 1214 76
1213 1214 39
1214 1215 62
1214 1215 35
1214 1215 65
1215 1216 80
1215 1216 31
1215 1216 89
1216 1217 96
1216 1217 93
1216 1217 69
1217 1218 23
1217 1218 22
1217 1218 62
1218 1219 84
1218 1219 74
1218 1219 55
1219 1220 30
1219 1220 20
1219 1220 28
1221 1222 96
1221 1222 45
1221 1222 57
1222 1223 22
1222 1223 24
1222 1223 77
1223 1224 31
1223 1224 29
1223 1224 69
1224 1225 87
1224 1225 47
1224 1225 35
1225 1226 64
1225 1226 41
1225 1226 47
1226 1227 72
1226 1227 41
1226 1227 43
1227 1228 52
1227 1228 31
1227 1228 75
1228 1229 99
1228 1229 82
1228 1229 20
1229 1230 72
1229 1230 31
1229 1230 83
1231 1232 14
1231 1232 10
1231 1232 95
1232 1233 52
1232 1233 65
1232 1233 21
1233 1234 47
1233 1234 72
1233 1234 76
1234 1235 96
1234 1235 72
1234 1235 47
1235 1236 71
1235 1236 87
1235 1236 28
1236 1237 84
1236 1237 10
1236 1237 28
1237 1238 47
1237 1238 88
1237 1238 63
1238 1239 42
1238 1239 29
1238 1239 53
1239 1240 79
1239 1240 49
1239 1240 81
1241 1242 19
1241 1242 32
1241 1242 49
1242 1243 59
1242 1243 78
1242 1243 41
1243 1244 66
1243 1244 26
1243 1244 37
1244 1245 72
1244 1245 25
1244 1245 14
1245 1246 32
1245 1246 100
1245 1246 58
1246 1247 47
1246 1247 42
1246 1247 80
1247 1248 37
1247 1248 38
1247 1248 83
1248 1249 18
1248 1249 39
1248 1249 46
1249 1250 14
1249 1250 49
1249 1250 62
1251 1252 87
1251 1252 55
1251 1252 12
1252 1253 26
1252 1253 16
1252 1253 47
1253 1254 55
1253 1254 37
1253 1254 74
1254 1255 92
1254 1255 74
1254 1255 78
1255 1256 38
1255 1256 28
1255 1256 31
1256 1257 13
1256 1257 68
1256 1257 63
1257 1258 61
1257 1258 17
1257 1258 19
1258 1259 40
1258 1259 24
1258 1259 90
1259 1260 94
1259 1260 52
1259 1260 54
1261 1262 54
1261 1262 73
1261 1262 62
1262 1263 70
1262 1263 64
1262 1263 98
1263 1264 50
1263 1264 62
1263 1264 25
1264 1265 78
1264 1265 55
1264 1265 28
1265 1266 24
1265 1266 93
1265 1266 35
1266 1267 77
1266 1267 43
1266 1267 89
1267 1268 31
1267 1268 83
1267 1268 15
1268 1269 48
1268 1269 73
1268 1269 59
1269 1270 52
1269 1270 36
1269 1270 90
1271 1272 91
1271 1272 23
1271 1272 10
1272 1273 86
1272 1273 89
1272 1273 15
1273 1274 27
1273 1274 33
1273 1274 86
1274 1275 48
1274 1275 91
1274 1275 100
1275 1276 40
1275 1276 75
1275 1276 39
1276 1277 55
1276 1277 70
1276 1277 29
1277 1278 99
1277 1278 43
1277 1278 94
1278 1279 63
1278 1279 60
1278 1279 39
1279 1280 29
1279 1280 65
1279 1280 12
1281 1282 21
1281 1282 75
1281 1282 19
1282 1283 40
1282 1283 89
1282 1283 23
1283 1284 29
1283 1284 98
1283 1284 27
1284 1285 66
1284 1285 62
1284 1285 97
1285 1286 88
1285 1286 58
1285 1286 32
1286 1287 51
1286 1287 93
1286 1287 27
1287 1288 38
1287 1288 52
1287 1288 77
1288 1289 86
1288 1289 79
1288 1289 72
1289 1290 21
1289 1290 22
1289 1290 67
1291 1292 73
1291 1292 23
1291 1292 89
1292 1293 43
1292 1293 84
1292 1293 67
1293 1294 26
1293 1294 10
1293 1294 34
1294 1295 43
1294 1295 97
1294 1295 48
1295 1296 26
1295 1296 39
1295 1296 75
1296 1297 72
1296 1297 20
1296 1297 12
1297 1298 63
1297 1298 61
1297 1298 90
1298 1299 11
1298 1299 79
1298 1299 52
1299 1300 99
1299 1300 49
1299 1300 35
1301 1302 41
1301 1302 81
1301 1302 92
1302 1303 45
1302 1303 62
1302 1303 59
1303 1304 50
1303 1304 44
1303 1304 10
1304 1305 29
1304 1305 41
1304 1305 70
1305 1306 44
1305 1306 24
1305 1306 11
1306 1307 18
1306 1307 26
1306 1307 50
1307 1308 80
1307 1308 45
1307 1308 11
1308 1309 91
1308 1309 24
1308 1309 95
1309 1310 22
1309 1310 49
1309 1310 39
1311 1312 46
1311 1312 15
1311 1312 89
1312 1313 49
1312 1313 55
1312 1313 64
1313 1314 56
1313 1314 45
1313 1314 16
1314 1315 15
1314 1315 25
1314 1315 44
1315 1316 17
1315 1316 80
1315 1316 38
1316 1317 37
1316 1317 78
1316 1317 49
1317 1318 63
1317 1318 70
1317 1318 66
1318 1319 30
1318 1319 70
1318 1319 25
1319 1320 22
1319 1320 79
1319 1320 69
1321 1322 61
1321 1322 74
1321 1322 45
1322 1323 59
1322 1323 79
1322 1323 72
1323 1324 67
1323 1324 25
1323 1324 36
1324 1325 53
1324 1325 86
1324 1325 94
1325 1326 73
1325 1326 42
1325 1326 54
1326 1327 80
1326 1327 88
1326 1327 93
1327 1328 73
1327 1328 59
1327 1328 100
1328 1329 72
1328 1329 72
1328 1329 17
1329 1330 82
1329 1330 93
1329 1330 89
1331 1332 62
1331 1332 58
1331 1332 55
1332 1333 13
1332 1333 63
1332 1333 51
1333 1334 22
1333 1334 90
1333 1334 66
1334 1335 99
1334 1335 98
1334 1335 91
1335 1336 92
1335 1336 75
1335 1336 99
1336 1337 68
1336 1337 91
1336 1337 98
1337 1338 14
1337 1338 91
1337 1338 90
1338 1339 21
1338 1339 81
1338 1339 72
1339 1340 67
1339 1340 97
1339 1340 35
1341 1342 70
1341 1342 53
1341 1342 100
1342 1343 64
1342 1343 27
1342 1343 30
1343 1344 28
1343 1344 69
1343 1344 47
1344 1345 54
1344 1345 13
1344 1345 22
1345 1346 89
1345 1346 90
1345 1346 51
1346 1347 56
1346 1347 85
1346 1347 11
1347 1348 28
1347 1348 72
1347 1348 35
1348 1349 71
1348 1349 42
1348 1349 13
1349 1350 53
1349 1350 69
1349 1350 36
1351 1352 95
1351 1352 50
1351 1352 49
1352 1353 100
1352 1353 86
1352 1353 66
1353 1354 34
1353 1354 66
1353 1354 40
1354 1355 10
1354 1355 56
1354 1355 86
1355 1356 49
1355 1356 33
1355 1356 25
1356 1357 44
1356 1357 55
1356 1357 90
1357 1358 74
1357 1358 27
1357 1358 96
1358 1359 93
1358 1359 93
1358 1359 91
1359 1360 34
1359 1360 70
1359 1360 93
1361 1362 24
1361 1362 37
1361 1362 36
1362 1363 80
1362 1363 51
1362 1363 39
1363 1364 48
1363 1364 64
1363 1364 96
1364 1365 38
1364 1365 92
1364 1365 33
1365 1366 19
1365 1366 13
1365 1366 65
1366 1367 80
1366 1367 32
1366 1367 89
1367 1368 61
1367 1368 23
1367 1368 31
1368 1369 85
1368 1369 46
1368 1369 49
1369 1370 48
1369 1370 66
1369 1370 29
1371 1372 87
1371 1372 88
1371 1372 80
1372 1373 33
1372 1373 53
1372 1373 11
1373 1374 46
1373 1374 82
1373 1374 92
1374 1375 41
1374 1375 85
1374 1375 27
1375 1376 29
1375 1376 92
1375 1376 98
1376 1377 87
1376 1377 30
1376 1377 36
1377 1378 70
1377 1378 62
1377 1378 67
1378 1379 99
1378 1379 15
1378 1379 81
1379 1380 84
1379 1380 72
1379 1380 73
1381 1382 53
1381 1382 80
1381 1382 38
1382 1383 96
1382 1383 27
1382 1383 18
1383 1384 54
1383 1384 39
1383 1384 56
1384 1385 14
1384 1385 78
1384 1385 67
1385 1386 34
1385 1386 16
1385 1386 99
1386 1387 26
1386 1387 70
1386 1387 86
1387 1388 70
1387 1388 19
1387 1388 12
1388 1389 57
1388 1389 23
1388 1389 13
1389 1390 31
1389 1390 26
1389 1390 80
1391 1392 46
1391 1392 84
1391 1392 64
1392 1393 63
1392 1393 64
1392 1393 67
1393 1394 73
1393 1394 100
1393 1394 51
1394 1395 48
1394 1395 70
1394 1395 32
1395 1396 46
1395 1396 39
1395 1396 68
1396 1397 25
1396 1397 85
1396 1397 40
1397 1398 60
1397 1398 63
1397 1398 70
1398 1399 27
1398 1399 62
1398 1399 56
1399 1400 90
1399 1400 80
1399 1400 91
1401 1402 84
1401 1402 57
1401 1402 81
1402 1403 66
1402 1403 76
1402 1403 77
1403 1404 33
1403 1404 69
1403 1404 95
1404 1405 14
1404 1405 56
1404 1405 96
1405 1406 84
1405 1406 95
1405 1406 17
1406 1407 50
1406 1407 27
1406 1407 13
1407 1408 93
1407 1408 22
1407 1408 41
1408 1409 82
1408 1409 74
1408 1409 98
1409 1410 67
1409 1410 42
1409 1410 33
1411 1412 89
1411 1412 34
1411 1412 54
1412 1413 53
1412 1413 13
1412 1413 32
1413 1414 77
1413 1414 16
1413 1414 66
1414 1415 65
1414 1415 79
1414 1415 12
1415 1416 26
1415 1416 91
1415 1416 22
1416 1417 62
1416 1417 83
1416 1417 64
1417 1418 50
1417 1418 11
1417 1418 29
1418 1419 55
1418 1419 77
1418 1419 30
1419 1420 30
1419 1420 71
1419 1420 66
1421 1422 76
1421 1422 61
1421 1422 68
1422 1423 51
1422 1423 90
1422 1423 52
1423 1424 93
1423 1424 20
1423 1424 93
1424 1425 44
1424 1425 42
1424 1425 22
1425 1426 46
1425 1426 62
1425 1426 26
1426 1427 14
1426 1427 30
1426 1427 36
1427 1428 63
1427 1428 36
1427 1428 33
1428 1429 100
1428 1429 73
1428 1429 50
1429 1430 80
1429 1430 71
1429 1430 21
1431 1432 75
1431 1432 87
1431 1432 16
1432 1433 72
1432 1433 11
1432 1433 26
1433 1434 66
1433 1434 32
1433 1434 89
1434 1435 28
1434 1435 22
1434 1435 61
1435 1436 96
1435 1436 68
1435 1436 35
1436 1437 91
1436 1437 35
1436 1437 43
1437 1438 35
1437 1438 88
1437 1438 40
1438 1439 92
1438 1439 15
1438 1439 50
1439 1440 92
1439 1440 70
1439 1440 91
1441 1442 47
1441 1442 28
1441 1442 66
1442 1443 85
1442 1443 46
1442 1443 74
1443 1444 98
1443 1444 43
1443 1444 41
1444 1445 82
1444 1445 95
1444 1445 33
1445 1446 77
1445 1446 50
1445 1446 60
1446 1447 31
1446 1447 31
1446 1447 44
1447 1448 73
1447 1448 39
1447 1448 27
1448 1449 16
1448 1449 24
1448 1449 58
1449 1450 72
1449 1450 47
1449 1450 99
1451 1452 12
1451 1452 30
1451 1452 72
1452 1453 98
1452 1453 98
1452 1453 43
1453 1454 80
1453 1454 97
1453 1454 97
1454 1455 81
1454 1455 44
1454 1455 87
1455 1456 46
1455 1456 42
1455 1456 18
1456 1457 33
1456 1457 69
1456 1457 67
1457 1458 10
1457 1458 86
1457 1458 35
1458 1459 19
1458 1459 68
1458 1459 75
1459 1460 15
1459 1460 63
1459 1460 61
1461 1462 76
1461 1462 69
1461 1462 15
1462 1463 87
1462 1463 81
1462 1463 19
1463 1464 31
1463 1464 27
1463 1464 66
1464 1465 97
1464 1465 15
1464 1465 82
1465 1466 76
1465 1466 58
1465 1466 69
1466 1467 47
1466 1467 74
1466 1467 73
1467 1468 30
1467 1468 42
1467 1468 55
1468 1469 99
1468 1469 42
1468 1469 19
1469 1470 52
1469 1470 16
1469 1470 93
1471 1472 14
1471 1472 36
1471 1472 80
1472 1473 55
1472 1473 11
1472 1473 49
1473 1474 12
1473 1474 75
1473 1474 55
1474 1475 47
1474 1475 88
1474 1475 84
1475 1476 11
1475 1476 75
1475 1476 16
1476 1477 33
1476 1477 75
1476 1477 15
1477 1478 71
1477 1478 39
1477 1478 26
1478 1479 77
1478 1479 74
1478 1479 72
1479 1480 44
1479 1480 47
1479 1480 66
1481 1482 87
1481 1482 28
1481 1482 62
1482 1483 68
1482 1483 87
1482 1483 61
1483 1484 12
1483 1484 93
1483 1484 75
1484 1485 100
1484 1485 73
1484 1485 95
1485 1486 38
1485 1486 70
1485 1486 23
1486 1487 15
1486 1487 14
1486 1487 65
1487 1488 11
1487 1488 37
1487 1488 56
1488 1489 80
1488 1489 51
1488 1489 35
1489 1490 100
1489 1490 45
1489 1490 35
1491 1492 70
1491 1492 33
1491 1492 35
1492 1493 72
1492 1493 100
1492 1493 13
1493 1494 27
1493 1494 68
1493 1494 51
1494 1495 78
1494 1495 19
1494 1495 13
1495 1496 30
1495 1496 58
1495 1496 17
1496 1497 96
1496 1497 46
1496 1497 24
1497 1498 10
1497 1498 66
1497 1498 95
1498 1499 74
1498 1499 65
1498 1499 22
1499 1500 73
1499 1500 95
1499 1500 88
1501 1502 68
1501 1502 69
1501 1502 12
1502 1503 63
1502 1503 99
1502 1503 44
1503 1504 83
1503 1504 57
1503 1504 43
1504 1505 34
1504 1505 65
1504 1505 99
1505 1506 32
1505 1506 79
1505 1506 57
1506 1507 12
1506 1507 74
1506 1507 56
1507 1508 17
1507 1508 19
1507 1508 28
1508 1509 34
1508 1509 75
1508 1509 93
1509 1510 17
1509 1510 71
1509 1510 78
1511 1512 15
1511 1512 99
1511 1512 53
1512 1513 35
1512 1513 100
1512 1513 71
1513 1514 27
1513 1514 58
1513 1514 64
1514 1515 44
1514 1515 11
1514 1515 87
1515 1516 71
1515 1516 23
1515 1516 66
1516 1517 52
1516 1517 32
1516 1517 92
1517 1518 21
1517 1518 78
1517 1518 13
1518 1519 31
1518 1519 97
1518 1519 62
1519 1520 83
1519 1520 51
1519 1520 47
1521 1522 33
1521 1522 49
1521 1522 22
1522 1523 20
1522 1523 29
1522 1523 48
1523 1524 71
1523 1524 89
1523 1524 67
1524 1525 11
1524 1525 66
1524 1525 36
1525 1526 87
1525 1526 93
1525 1526 49
1526 1527 22
1526 1527 51
1526 1527 70
1527 1528 78
1527 1528 81
1527 1528 19
1528 1529 37
1528 1529 91
1528 1529 40
1529 1530 49
1529 1530 18
1529 1530 40
1531 1532 36
1531 1532 66
1531 1532 23
1532 1533 45
1532 1533 91
1532 1533 32
1533 1534 65
1533 1534 81
1533 1534 35
1534 1535 67
1534 1535 50
1534 1535 81
1535 1536 36
1535 1536 73
1535 1536 94
1536 1537 20
1536 1537 88
1536 1537 29
1537 1538 39
1537 1538 18
1537 1538 88
1538 1539 23
1538 1539 61
1538 1539 30
1539 1540 42
1539 1540 65
1539 1540 83
1541 1542 73
1541 1542 72
1541 1542 57
1542 1543 15
1542 1543 17
1542 1543 10
1543 1544 40
1543 1544 33
1543 1544 37
1544 1545 34
1544 1545 91
1544 1545 19
1545 1546 96
1545 1546 100
1545 1546 95
1546 1547 40
1546 1547 25
1546 1547 89
1547 1548 17
1547 1548 87
1547 1548 50
1548 1549 15
1548 1549 39
1548 1549 96
1549 1550 82
1549 1550 68
1549 1550 67
1551 1552 26
1551 1552 72
1551 1552 61
1552 1553 92
1552 1553 23
1552 1553 27
1553 1554 71
1553 1554 41
1553 1554 100
1554 1555 44
1554 1555 71
1554 1555 99
1555 1556 28
1555 1556 73
1555 1556 83
1556 1557 87
1556 1557 70
1556 1557 74
1557 1558 49
1557 1558 18
1557 1558 84
1558 1559 14
1558 1559 38
1558 1559 11
1559 1560 37
1559 1560 68
1559 1560 66
1561 1562 41
1561 1562 96
1561 1562 53
1562 1563 97
1562 1563 31
1562 1563 23
1563 1564 77
1563 1564 95
1563 1564 69
1564 1565 71
1564 1565 44
1564 1565 82
1565 1566 68
1565 1566 24
1565 1566 54
1566 1567 98
1566 1567 67
1566 1567 99
1567 1568 59
1567 1568 21
1567 1568 68
1568 1569 68
1568 1569 29
1568 1569 30
1569 1570 29
1569 1570 52
1569 1570 37
1571 1572 24
1571 1572 99
1571 1572 59
1572 1573 73
1572 1573 94
1572 1573 53
1573 1574 82
1573 1574 42
1573 1574 15
1574 1575 39
1574 1575 15
1574 1575 95
1575 1576 83
1575 1576 97
1575 1576 41
1576 1577 33
1576 1577 65
1576 1577 53
1577 1578 89
1577 1578 32
1577 1578 53
1578 1579 48
1578 1579 99
1578 1579 43
1579 1580 17
1579 1580 16
1579 1580 32
1581 1582 98
1581 1582 75
1581 1582 75
1582 1583 21
1582 1583 18
1582 1583 17
1583 1584 42
1583 1584 43
1583 1584 87
1584 1585 30
1584 1585 23
1584 1585 51
1585 1586 85
1585 1586 77
1585 1586 49
1586 1587 70
1586 1587 98
1586 1587 31
1587 1588 51
1587 1588 71
1587 1588 10
1588 1589 11
1588 1589 17
1588 1589 10
1589 1590 48
1589 1590 98
1589 1590 53
1591 1592 72
1591 1592 78
1591 1592 27
1592 1593 24
1592 1593 37
1592 1593 85
1593 1594 78
1593 1594 19
1593 1594 20
1594 1595 69
1594 1595 49
1594 1595 99
1595 1596 59
1595 1596 95
1595 1596 95
1596 1597 39
1596 1597 18
1596 1597 86
1597 1598 32
1597 1598 19
1597 1598 42
1598 1599 34
1598 1599 48
1598 1599 63
1599 1600 42
1599 1600 98
1599 1600 57
1601 1602 97
1601 1602 66
1601 1602 16
1602 1603 51
1602 1603 96
1602 1603 54
1603 1604 49
1603 1604 99
1603 1604 47
1604 1605 73
1604 1605 63
1604 1605 56
1605 1606 58
1605 1606 31
1605 1606 63
1606 1607 27
1606 1607 32
1606 1607 72
1607 1608 28
1607 1608 40
1607 1608 30
1608 1609 55
1608 1609 38
1608 1609 98
1609 1610 79
1609 1610 31
1609 1610 42
1611 1612 68
1611 1612 57
1611 1612 44
1612 1613 86
1612 1613 87
1612 1613 42
1613 1614 65
1613 1614 98
1613 1614 29
1614 1615 63
1614 1615 56
1614 1615 14
1615 1616 86
1615 1616 96
1615 1616 68
1616 1617 32
1616 1617 42
1616 1617 95
1617 1618 75
1617 1618 85
1617 1618 81
1618 1619 64
1618 1619 22
1618 1619 63
1619 1620 27
1619 1620 100
1619 1620 48
1621 1622 20
1621 1622 25
1621 1622 55
1622 1623 81
1622 1623 91
1622 1623 27
1623 1624 21
1623 1624 99
1623 1624 67
1624 1625 15
1624 1625 53
1624 1625 54
1625 1626 41
1625 1626 39
1625 1626 26
1626 1627 24
1626 1627 53
1626 1627 42
1627 1628 95
1627 1628 17
1627 1628 52
1628 1629 44
1628 1629 11
1628 1629 20
1629 1630 95
1629 1630 96
1629 1630 74
1631 1632 68
1631 1632 45
1631 1632 80
1632 1633 75
1632 1633 97
1632 1633 81
1633 1634 94
1633 1634 36
1633 1634 31
1634 1635 55
1634 1635 24
1634 1635 92
1635 1636 23
1635 1636 51
1635 1636 88
1636 1637 93
1636 1637 27
1636 1637 87
1637 1638 82
1637 1638 77
1637 1638 65
1638 1639 54
1638 1639 98
1638 1639 76
1639 1640 56
1639 1640 56
1639 1640 95
1641 1642 39
1641 1642 68
1641 1642 18
1642 1643 19
1642 1643 41
1642 1643 88
1643 1644 35
1643 1644 83
1643 1644 38
1644 1645 34
1644 1645 61
1644 1645 21
1645 1646 38
1645 1646 24
1645 1646 95
1646 1647 14
1646 1647 73
1646 1647 26
1647 1648 17
1647 1648 96
1647 1648 71
1648 1649 92
1648 1649 81
1648 1649 50
1649 1650 22
1649 1650 60
1649 1650 29
1651 1652 56
1651 1652 27
1651 1652 89
1652 1653 100
1652 1653 50
1652 1653 87
1653 1654 57
1653 1654 81
1653 1654 43
1654 1655 44
1654 1655 31
1654 1655 21
1655 1656 97
1655 1656 69
1655 1656 19
1656 1657 60
1656 1657 76
1656 1657 98
1657 1658 53
1657 1658 86
1657 1658 31
1658 1659 69
1658 1659 95
1658 1659 22
1659 1660 21
1659 1660 33
1659 1660 69
1661 1662 82
1661 1662 61
1661 1662 48
1662 1663 51
1662 1663 93
1662 1663 22
1663 1664 81
1663 1664 31
1663 1664 77
1664 1665 49
1664 1665 77
1664 1665 45
1665 1666 56
1665 1666 76
1665 1666 47
1666 1667 39
1666 1667 60
1666 1667 42
1667 1668 10
1667 1668 29
1667 1668 81
1668 1669 17
1668 1669 78
1668 1669 94
1669 1670 11
1669 1670 73
1669 1670 13
1671 1672 98
1671 1672 71
1671 1672 59
1672 1673 14
1672 1673 64
1672 1673 23
1673 1674 13
1673 1674 13
1673 1674 37
1674 1675 25
1674 1675 53
1674 1675 15
1675 1676 97
1675 1676 14
1675 1676 36
1676 1677 29
1676 1677 82
1676 1677 16
1677 1678 54
1677 1678 77
1677 1678 30
1678 1679 15
1678 1679 34
1678 1679 23
1679 1680 77
1679 1680 65
1679 1680 76
1681 1682 100
1681 1682 23
1681 1682 71
1682 1683 11
1682 1683 77
1682 1683 45
1683 1684 97
1683 1684 45
1683 1684 26
1684 1685 28
1684 1685 30
1684 1685 42
1685 1686 52
1685 1686 37
1685 1686 36
1686 1687 58
1686 1687 50
1686 1687 53
1687 1688 21
1687 1688 37
1687 1688 94
1688 1689 96
1688 1689 33
1688 1689 54
1689 1690 97
1689 1690 81
1689 1690 20
1691 1692 97
1691 1692 87
1691 1692 90
1692 1693 18
1692 1693 100
1692 1693 57
1693 1694 79
1693 1694 50
1693 1694 60
1694 1695 86
1694 1695 48
1694 1695 21
1695 1696 37
1695 1696 63
1695 1696 20
1696 1697 36
1696 1697 60
1696 1697 24
1697 1698 15
1697 1698 21
1697 1698 81
1698 1699 91
1698 1699 16
1698 1699 89
1699 1700 45
1699 1700 68
1699 1700 30
1701 1702 34
1701 1702 78
1701 1702 79
1702 1703 90
1702 1703 81
1702 1703 65
1703 1704 29
1703 1704 24
1703 1704 87
1704 1705 52
1704 1705 17
1704 1705 50
1705 1706 38
1705 1706 60
1705 1706 35
1706 1707 26
1706 1707 94
1706 1707 11
1707 1708 27
1707 1708 95
1707 1708 71
1708 1709 10
1708 1709 36
1708 1709 25
1709 1710 67
1709 1710 57
1709 1710 29
1711 1712 62
1711 1712 91
1711 1712 68
1712 1713 39
1712 1713 80
1712 1713 100
1713 1714 68
1713 1714 53
1713 1714 40
1714 1715 20
1714 1715 86
1714 1715 46
1715 1716 52
1715 1716 93
1715 1716 19
1716 1717 20
1716 1717 66
1716 1717 12
1717 1718 83
1717 1718 92
1717 1718 95
1718 1719 96
1718 1719 99
1718 1719 56
1719 1720 39
1719 1720 66
1719 1720 79
1721 1722 35
1721 1722 11
1721 1722 90
1722 1723 69
1722 1723 54
1722 1723 75
1723 1724 70
1723 1724 80
1723 1724 49
1724 1725 66
1724 1725 26
1724 1725 57
1725 1726 63
1725 1726 24
1725 1726 11
1726 1727 48
1726 1727 68
1726 1727 56
1727 1728 21
1727 1728 87
1727 1728 22
1728 1729 93
1728 1729 11
1728 1729 97
1729 1730 52
1729 1730 88
1729 1730 66
1731 1732 100
1731 1732 16
1731 1732 39
1732 1733 40
1732 1733 96
1732 1733 59
1733 1734 26
1733 1734 60
1733 1734 98
1734 1735 68
1734 1735 57
1734 1735 83
1735 1736 77
1735 1736 58
1735 1736 57
1736 1737 92
1736 1737 16
1736 1737 89
1737 1738 59
1737 1738 62
1737 1738 25
1738 1739 45
1738 1739 11
1738 1739 72
1739 1740 17
1739 1740 32
1739 1740 20
1741 1742 58
1741 1742 27
1741 1742 74
1742 1743 88
1742 1743 39
1742 1743 26
1743 1744 51
1743 1744 33
1743 1744 23
1744 1745 58
1744 1745 33
1744 1745 21
1745 1746 40
1745 1746 78
1745 1746 59
1746 1747 88
1746 1747 36
1746 1747 30
1747 1748 29
1747 1748 82
1747 1748 28
1748 1749 40
1748 1749 61
1748 1749 53
1749 1750 10
1749 1750 29
1749 1750 86
1751 1752 22
1751 1752 65
1751 1752 11
1752 1753 41
1752 1753 36
1752 1753 63
1753 1754 72
1753 1754 95
1753 1754 34
1754 1755 99
1754 1755 80
1754 1755 98
1755 1756 36
1755 1756 16
1755 1756 60
1756 1757 17
1756 1757 48
1756 1757 59
1757 1758 42
1757 1758 49
1757 1758 13
1758 1759 76
1758 1759 65
1758 1759 93
1759 1760 73
1759 1760 38
1759 1760 18
1761 1762 70
1761 1762 12
1761 1762 16
1762 1763 11
1762 1763 44
1762 1763 62
1763 1764 86
1763 1764 39
1763 1764 25
1764 1765 96
1764 1765 33
1764 1765 75
1765 1766 11
1765 1766 61
1765 1766 59
1766 1767 83
1766 1767 97
1766 1767 84
1767 1768 46
1767 1768 20
1767 1768 22
1768 1769 94
1768 1769 44
1768 1769 27
1769 1770 85
1769 1770 70
1769 1770 76
1771 1772 43
1771 1772 34
1771 1772 69
1772 1773 37
1772 1773 37
1772 1773 39
1773 1774 49
1773 1774 58
1773 1774 41
1774 1775 15
1774 1775 26
1774 1775 78
1775 1776 82
1775 1776 78
1775 1776 14
1776 1777 34
1776 1777 43
1776 1777 66
1777 1778 16
1777 1778 76
1777 1778 39
1778 1779 93
1778 1779 89
1778 1779 69
1779 1780 94
1779 1780 31
1779 1780 98
1781 1782 28
1781 1782 67
1781 1782 83
1782 1783 58
1782 1783 11
1782 1783 75
1783 1784 16
1783 1784 39
1783 1784 61
1784 1785 25
1784 1785 14
1784 1785 10
1785 1786 57
1785 1786 24
1785 1786 66
1786 1787 10
1786 1787 25
1786 1787 73
1787 1788 33
1787 1788 66
1787 1788 45
1788 1789 58
1788 1789 99
1788 1789 91
1789 1790 78
1789 1790 59
1789 1790 35
1791 1792 34
1791 1792 91
1791 1792 69
1792 1793 70
1792 1793 79
1792 1793 32
1793 1794 25
1793 1794 19
1793 1794 47
1794 1795 33
1794 1795 76
1794 1795 16
1795 1796 22
1795 1796 57
1795 1796 19
1796 1797 57
1796 1797 63
1796 1797 29
1797 1798 82
1797 1798 64
1797 1798 37
1798 1799 76
1798 1799 98
1798 1799 56
1799 1800 20
1799 1800 17
1799 1800 95
1801 1802 84
1801 1802 96
1801 1802 91
1802 1803 60
1802 1803 25
1802 1803 17
1803 1804 96
1803 1804 63
1803 1804 68
1804 1805 10
1804 1805 26
1804 1805 51
1805 1806 40
1805 1806 31
1805 1806 31
1806 1807 24
1806 1807 79
1806 1807 60
1807 1808 90
1807 1808 66
1807 1808 64
1808 1809 83
1808 1809 72
1808 1809 10
1809 1810 58
1809 1810 12
1809 1810 55
1811 1812 75
1811 1812 86
1811 1812 23
1812 1813 41
1812 1813 82
1812 1813 91
1813 1814 70
1813 1814 76
1813 1814 96
1814 1815 34
1814 1815 45
1814 1815 78
1815 1816 18
1815 1816 65
1815 1816 86
1816 1817 96
1816 1817 54
1816 1817 51
1817 1818 63
1817 1818 25
1817 1818 34
1818 1819 47
1818 1819 90
1818 1819 51
1819 1820 36
1819 1820 51
1819 1820 34
1821 1822 39
1821 1822 69
1821 1822 100
1822 1823 14
1822 1823 60
1822 1823 79
1823 1824 75
1823 1824 52
1823 1824 12
1824 1825 59
1824 1825 74
1824 1825 83
1825 1826 89
1825 1826 89
1825 1826 56
1826 1827 24
1826 1827 94
1826 1827 53
1827 1828 59
1827 1828 45
1827 1828 64
1828 1829 34
1828 1829 56
1828 1829 71
1829 1830 22
1829 1830 66
1829 1830 59
1831 1832 82
1831 1832 71
1831 1832 57
1832 1833 19
1832 1833 66
1832 1833 86
1833 1834 67
1833 1834 100
1833 1834 12
1834 1835 88
1834 1835 35
1834 1835 84
1835 1836 50
1835 1836 66
1835 1836 87
1836 1837 69
1836 1837 87
1836 1837 12
1837 1838 15
1837 1838 34
1837 1838 29
1838 1839 86
1838 1839 32
1838 1839 98
1839 1840 53
1839 1840 76
1839 1840 89
1841 1842 16
1841 1842 19
1841 1842 92
1842 1843 31
1842 1843 20
1842 1843 68
1843 1844 56
1843 1844 62
1843 1844 28
1844 1845 81
1844 1845 76
1844 1845 22
1845 1846 74
1845 1846 54
1845 1846 50
1846 1847 28
1846 1847 85
1846 1847 38
1847 1848 46
1847 1848 36
1847 1848 65
1848 1849 44
1848 1849 50
1848 1849 19
1849 1850 78
1849 1850 88
1849 1850 34
1851 1852 83
1851 1852 82
1851 1852 16
1852 1853 24
1852 1853 29
1852 1853 82
1853 1854 48
1853 1854 71
1853 1854 50
1854 1855 92
1854 1855 92
1854 1855 40
1855 1856 44
1855 1856 65
1855 1856 72
1856 1857 28
1856 1857 88
1856 1857 84
1857 1858 39
1857 1858 54
1857 1858 29
1858 1859 28
1858 1859 24
1858 1859 93
1859 1860 31
1859 1860 85
1859 1860 75
1861 1862 98
1861 1862 92
1861 1862 48
1862 1863 41
1862 1863 29
1862 1863 77
1863 1864 76
1863 1864 47
1863 1864 52
1864 1865 90
1864 1865 13
1864 1865 79
1865 1866 23
1865 1866 39
1865 1866 38
1866 1867 86
1866 1867 73
1866 1867 95
1867 1868 76
1867 1868 82
1867 1868 32
1868 1869 41
1868 1869 96
1868 1869 44
1869 1870 11
1869 1870 10
1869 1870 76
1871 1872 87
1871 1872 91
1871 1872 51
1872 1873 60
1872 1873 27
1872 1873 98
1873 1874 96
1873 1874 14
1873 1874 11
1874 1875 39
1874 1875 48
1874 1875 24
1875 1876 99
1875 1876 33
1875 1876 22
1876 1877 33
1876 1877 89
1876 1877 36
1877 1878 76
1877 1878 83
1877 1878 47
1878 1879 18
1878 1879 64
1878 1879 57
1879 1880 77
1879 1880 44
1879 1880 56
1881 1882 81
1881 1882 16
1881 1882 69
1882 1883 97
1882 1883 72
1882 1883 39
1883 1884 24
1883 1884 13
1883 1884 49
1884 1885 52
1884 1885 19
1884 1885 49
1885 1886 67
1885 1886 66
1885 1886 31
1886 1887 56
1886 1887 24
1886 1887 91
1887 1888 56
1887 1888 66
1887 1888 35
1888 1889 23
1888 1889 17
1888 1889 90
1889 1890 85
1889 1890 74
1889 1890 65
1891 1892 71
1891 1892 42
1891 1892 58
1892 1893 83
1892 1893 41
1892 1893 16
1893 1894 36
1893 1894 19
1893 1894 84
1894 1895 36
1894 1895 53
1894 1895 97
1895 1896 15
1895 1896 50
1895 1896 68
1896 1897 47
1896 1897 29
1896 1897 28
1897 1898 42
1897 1898 56
1897 1898 86
1898 1899 20
1898 1899 63
1898 1899 39
1899 1900 81
1899 1900 39
1899 1900 96
1901 1902 84
1901 1902 79
1901 1902 68
1902 1903 23
1902 1903 75
1902 1903 87
1903 1904 33
1903 1904 64
1903 1904 37
1904 1905 80
1904 1905 36
1904 1905 46
1905 1906 80
1905 1906 71
1905 1906 84
1906 1907 72
1906 1907 90
1906 1907 98
1907 1908 34
1907 1908 91
1907 1908 36
1908 1909 32
1908 1909 81
1908 1909 66
1909 1910 87
1909 1910 78
1909 1910 93
1911 1912 14
1911 1912 83
1911 1912 41
1912 1913 42
1912 1913 23
1912 1913 62
1913 1914 88
1913 1914 35
1913 1914 25
1914 1915 14
1914 1915 42
1914 1915 37
1915 1916 93
1915 1916 47
1915 1916 69
1916 1917 66
1916 1917 19
1916 1917 79
1917 1918 13
1917 1918 93
1917 1918 45
1918 1919 37
1918 1919 91
1918 1919 40
1919 1920 87
1919 1920 84
1919 1920 20
1921 1922 46
1921 1922 11
1921 1922 34
1922 1923 25
1922 1923 33
1922 1923 90
1923 1924 99
1923 1924 64
1923 1924 73
1924 1925 64
1924 1925 53
1924 1925 12
1925 1926 97
1925 1926 15
1925 1926 53
1926 1927 68
1926 1927 79
1926 1927 51
1927 1928 28
1927 1928 49
1927 1928 61
1928 1929 43
1928 1929 60
1928 1929 97
1929 1930 48
1929 1930 49
1929 1930 80
1931 1932 67
1931 1932 15
1931 1932 61
1932 1933 54
1932 1933 21
1932 1933 39
1933 1934 71
1933 1934 54
1933 1934 99
1934 1935 85
1934 1935 65
1934 1935 72
1935 1936 63
1935 1936 96
1935 1936 10
1936 1937 45
1936 1937 91
1936 1937 82
1937 1938 46
1937 1938 83
1937 1938 34
1938 1939 84
1938 1939 43
1938 1939 85
1939 1940 41
1939 1940 73
1939 1940 44
1941 1942 55
1941 1942 28
1941 1942 83
1942 1943 47
1942 1943 90
1942 1943 13
1943 1944 57
1943 1944 63
1943 1944 87
1944 1945 100
1944 1945 49
1944 1945 70
1945 1946 40
1945 1946 90
1945 1946 90
1946 1947 87
1946 1947 68
1946 1947 55
1947 1948 58
1947 1948 81
1947 1948 93
1948 1949 57
1948 1949 94
1948 1949 32
1949 1950 41
1949 1950 41
1949 1950 81
1951 1952 78
1951 1952 12
1951 1952 86
1952 1953 54
1952 1953 61
1952 1953 44
1953 1954 21
1953 1954 10
1953 1954 82
1954 1955 48
1954 1955 86
1954 1955 18
1955 1956 99
1955 1956 40
1955 1956 83
1956 1957 80
1956 1957 51
1956 1957 20
1957 1958 81
1957 1958 56
1957 1958 10
1958 1959 50
1958 1959 23
1958 1959 59
1959 1960 99
1959 1960 61
1959 1960 14
1961 1962 78
1961 1962 43
1961 1962 21
1962 1963 49
1962 1963 16
1962 1963 49
1963 1964 94
1963 1964 30
1963 1964 39
1964 1965 50
1964 1965 10
1964 1965 21
1965 1966 64
1965 1966 86
1965 1966 96
1966 1967 45
1966 1967 33
1966 1967 25
1967 1968 94
1967 1968 69
1967 1968 47
1968 1969 66
1968 1969 76
1968 1969 54
1969 1970 16
1969 1970 23
1969 1970 71
1971 1972 52
1971 1972 51
1971 1972 97
1972 1973 55
1972 1973 35
1972 1973 21
1973 1974 32
1973 1974 35
1973 1974 98
1974 1975 88
1974 1975 89
1974 1975 45
1975 1976 93
1975 1976 75
1975 1976 44
1976 1977 39
1976 1977 98
1976 1977 31
1977 1978 80
1977 1978 38
1977 1978 45
1978 1979 87
1978 1979 81
1978 1979 10
1979 1980 33
1979 1980 61
1979 1980 46
1981 1982 92
1981 1982 97
1981 1982 10
1982 1983 49
1982 1983 16
1982 1983 23
1983 1984 45
1983 1984 74
1983 1984 65
1984 1985 24
1984 1985 49
1984 1985 85
1985 1986 79
1985 1986 27
1985 1986 70
1986 1987 20
1986 1987 42
1986 1987 34
1987 1988 28
1987 1988 91
1987 1988 37
1988 1989 46
1988 1989 100
1988 1989 58
1989 1990 55
1989 1990 16
1989 1990 70
1991 1992 79
1991 1992 52
1991 1992 16
1992 1993 94
1992 1993 30
1992 1993 55
1993 1994 36
1993 1994 69
1993 1994 55
1994 1995 64
1994 1995 38
1994 1995 19
1995 1996 77
1995 1996 86
1995 1996 36
1996 1997 100
1996 1997 30
1996 1997 48
1997 1998 82
1997 1998 42
1997 1998 57
1998 1999 39
1998 1999 33
1998 1999 50
1999 2000 48
1999 2000 41
1999 2000 61
