100 5000 1 2
3 36 1
3 37 1
3 38 1
3 39 1
3 40 1
3 41 1
3 42 1
3 43 1
3 44 1
3 45 1
3 46 1
3 47 1
3 48 1
3 49 1
3 50 1
3 51 1
3 52 1
3 53 1
3 54 1
3 55 1
3 56 1
3 57 1
3 58 1
3 59 1
3 60 1
3 61 1
3 62 1
3 63 1
3 64 1
3 65 1
3 66 1
3 67 1
3 68 1
4 36 1
4 37 1
4 38 1
4 39 1
4 40 1
4 41 1
4 42 1
4 43 1
4 44 1
4 45 1
4 46 1
4 47 1
4 48 1
4 49 1
4 50 1
4 51 1
4 52 1
4 53 1
4 54 1
4 55 1
4 56 1
4 57 1
4 58 1
4 59 1
4 60 1
4 61 1
4 62 1
4 63 1
4 64 1
4 65 1
4 66 1
4 67 1
4 68 1
5 36 1
5 37 1
5 38 1
5 39 1
5 40 1
5 41 1
5 42 1
5 43 1
5 44 1
5 45 1
5 46 1
5 47 1
5 48 1
5 49 1
5 50 1
5 51 1
5 52 1
5 53 1
5 54 1
5 55 1
5 56 1
5 57 1
5 58 1
5 59 1
5 60 1
5 61 1
5 62 1
5 63 1
5 64 1
5 65 1
5 66 1
5 67 1
5 68 1
6 36 1
6 37 1
6 38 1
6 39 1
6 40 1
6 41 1
6 42 1
6 43 1
6 44 1
6 45 1
6 46 1
6 47 1
6 48 1
6 49 1
6 50 1
6 51 1
6 52 1
6 53 1
6 54 1
6 55 1
6 56 1
6 57 1
6 58 1
6 59 1
6 60 1
6 61 1
6 62 1
6 63 1
6 64 1
6 65 1
6 66 1
6 67 1
6 68 1
7 36 1
7 37 1
7 38 1
7 39 1
7 40 1
7 41 1
7 42 1
7 43 1
7 44 1
7 45 1
7 46 1
7 47 1
7 48 1
7 49 1
7 50 1
7 51 1
7 52 1
7 53 1
7 54 1
7 55 1
7 56 1
7 57 1
7 58 1
7 59 1
7 60 1
7 61 1
7 62 1
7 63 1
7 64 1
7 65 1
7 66 1
7 67 1
7 68 1
8 36 1
8 37 1
8 38 1
8 39 1
8 40 1
8 41 1
8 42 1
8 43 1
8 44 1
8 45 1
8 46 1
8 47 1
8 48 1
8 49 1
8 50 1
8 51 1
8 52 1
8 53 1
8 54 1
8 55 1
8 56 1
8 57 1
8 58 1
8 59 1
8 60 1
8 61 1
8 62 1
8 63 1
8 64 1
8 65 1
8 66 1
8 67 1
8 68 1
9 36 1
9 37 1
9 38 1
9 39 1
9 40 1
9 41 1
9 42 1
9 43 1
9 44 1
9 45 1
9 46 1
9 47 1
9 48 1
9 49 1
9 50 1
9 51 1
9 52 1
9 53 1
9 54 1
9 55 1
9 56 1
9 57 1
9 58 1
9 59 1
9 60 1
9 61 1
9 62 1
9 63 1
9 64 1
9 65 1
9 66 1
9 67 1
9 68 1
10 36 1
10 37 1
10 38 1
10 39 1
10 40 1
10 41 1
10 42 1
10 43 1
10 44 1
10 45 1
10 46 1
10 47 1
10 48 1
10 49 1
10 50 1
10 51 1
10 52 1
10 53 1
10 54 1
10 55 1
10 56 1
10 57 1
10 58 1
10 59 1
10 60 1
10 61 1
10 62 1
10 63 1
10 64 1
10 65 1
10 66 1
10 67 1
10 68 1
11 36 1
11 37 1
11 38 1
11 39 1
11 40 1
11 41 1
11 42 1
11 43 1
11 44 1
11 45 1
11 46 1
11 47 1
11 48 1
11 49 1
11 50 1
11 51 1
11 52 1
11 53 1
11 54 1
11 55 1
11 56 1
11 57 1
11 58 1
11 59 1
11 60 1
11 61 1
11 62 1
11 63 1
11 64 1
11 65 1
11 66 1
11 67 1
11 68 1
12 36 1
12 37 1
12 38 1
12 39 1
12 40 1
12 41 1
12 42 1
12 43 1
12 44 1
12 45 1
12 46 1
12 47 1
12 48 1
12 49 1
12 50 1
12 51 1
12 52 1
12 53 1
12 54 1
12 55 1
12 56 1
12 57 1
12 58 1
12 59 1
12 60 1
12 61 1
12 62 1
12 63 1
12 64 1
12 65 1
12 66 1
12 67 1
12 68 1
13 36 1
13 37 1
13 38 1
13 39 1
13 40 1
13 41 1
13 42 1
13 43 1
13 44 1
13 45 1
13 46 1
13 47 1
13 48 1
13 49 1
13 50 1
13 51 1
13 52 1
13 53 1
13 54 1
13 55 1
13 56 1
13 57 1
13 58 1
13 59 1
13 60 1
13 61 1
13 62 1
13 63 1
13 64 1
13 65 1
13 66 1
13 67 1
13 68 1
14 36 1
14 37 1
14 38 1
14 39 1
14 40 1
14 41 1
14 42 1
14 43 1
14 44 1
14 45 1
14 46 1
14 47 1
14 48 1
14 49 1
14 50 1
14 51 1
14 52 1
14 53 1
14 54 1
14 55 1
14 56 1
14 57 1
14 58 1
14 59 1
14 60 1
14 61 1
14 62 1
14 63 1
14 64 1
14 65 1
14 66 1
14 67 1
14 68 1
15 36 1
15 37 1
15 38 1
15 39 1
15 40 1
15 41 1
15 42 1
15 43 1
15 44 1
15 45 1
15 46 1
15 47 1
15 48 1
15 49 1
15 50 1
15 51 1
15 52 1
15 53 1
15 54 1
15 55 1
15 56 1
15 57 1
15 58 1
15 59 1
15 60 1
15 61 1
15 62 1
15 63 1
15 64 1
15 65 1
15 66 1
15 67 1
15 68 1
16 36 1
16 37 1
16 38 1
16 39 1
16 40 1
16 41 1
16 42 1
16 43 1
16 44 1
16 45 1
16 46 1
16 47 1
16 48 1
16 49 1
16 50 1
16 51 1
16 52 1
16 53 1
16 54 1
16 55 1
16 56 1
16 57 1
16 58 1
16 59 1
16 60 1
16 61 1
16 62 1
16 63 1
16 64 1
16 65 1
16 66 1
16 67 1
16 68 1
17 36 1
17 37 1
17 38 1
17 39 1
17 40 1
17 41 1
17 42 1
17 43 1
17 44 1
17 45 1
17 46 1
17 47 1
17 48 1
17 49 1
17 50 1
17 51 1
17 52 1
17 53 1
17 54 1
17 55 1
17 56 1
17 57 1
17 58 1
17 59 1
17 60 1
17 61 1
17 62 1
17 63 1
17 64 1
17 65 1
17 66 1
17 67 1
17 68 1
18 36 1
18 37 1
18 38 1
18 39 1
18 40 1
18 41 1
18 42 1
18 43 1
18 44 1
18 45 1
18 46 1
18 47 1
18 48 1
18 49 1
18 50 1
18 51 1
18 52 1
18 53 1
18 54 1
18 55 1
18 56 1
18 57 1
18 58 1
18 59 1
18 60 1
18 61 1
18 62 1
18 63 1
18 64 1
18 65 1
18 66 1
18 67 1
18 68 1
19 36 1
19 37 1
19 38 1
19 39 1
19 40 1
19 41 1
19 42 1
19 43 1
19 44 1
19 45 1
19 46 1
19 47 1
19 48 1
19 49 1
19 50 1
19 51 1
19 52 1
19 53 1
19 54 1
19 55 1
19 56 1
19 57 1
19 58 1
19 59 1
19 60 1
19 61 1
19 62 1
19 63 1
19 64 1
19 65 1
19 66 1
19 67 1
19 68 1
20 36 1
20 37 1
20 38 1
20 39 1
20 40 1
20 41 1
20 42 1
20 43 1
20 44 1
20 45 1
20 46 1
20 47 1
20 48 1
20 49 1
20 50 1
20 51 1
20 52 1
20 53 1
20 54 1
20 55 1
20 56 1
20 57 1
20 58 1
20 59 1
20 60 1
20 61 1
20 62 1
20 63 1
20 64 1
20 65 1
20 66 1
20 67 1
20 68 1
21 36 1
21 37 1
21 38 1
21 39 1
21 40 1
21 41 1
21 42 1
21 43 1
21 44 1
21 45 1
21 46 1
21 47 1
21 48 1
21 49 1
21 50 1
21 51 1
21 52 1
21 53 1
21 54 1
21 55 1
21 56 1
21 57 1
21 58 1
21 59 1
21 60 1
21 61 1
21 62 1
21 63 1
21 64 1
21 65 1
21 66 1
21 67 1
21 68 1
22 36 1
22 37 1
22 38 1
22 39 1
22 40 1
22 41 1
22 42 1
22 43 1
22 44 1
22 45 1
22 46 1
22 47 1
22 48 1
22 49 1
22 50 1
22 51 1
22 52 1
22 53 1
22 54 1
22 55 1
22 56 1
22 57 1
22 58 1
22 59 1
22 60 1
22 61 1
22 62 1
22 63 1
22 64 1
22 65 1
22 66 1
22 67 1
22 68 1
23 36 1
23 37 1
23 38 1
23 39 1
23 40 1
23 41 1
23 42 1
23 43 1
23 44 1
23 45 1
23 46 1
23 47 1
23 48 1
23 49 1
23 50 1
23 51 1
23 52 1
23 53 1
23 54 1
23 55 1
23 56 1
23 57 1
23 58 1
23 59 1
23 60 1
23 61 1
23 62 1
23 63 1
23 64 1
23 65 1
23 66 1
23 67 1
23 68 1
24 36 1
24 37 1
24 38 1
24 39 1
24 40 1
24 41 1
24 42 1
24 43 1
24 44 1
24 45 1
24 46 1
24 47 1
24 48 1
24 49 1
24 50 1
24 51 1
24 52 1
24 53 1
24 54 1
24 55 1
24 56 1
24 57 1
24 58 1
24 59 1
24 60 1
24 61 1
24 62 1
24 63 1
24 64 1
24 65 1
24 66 1
24 67 1
24 68 1
25 36 1
25 37 1
25 38 1
25 39 1
25 40 1
25 41 1
25 42 1
25 43 1
25 44 1
25 45 1
25 46 1
25 47 1
25 48 1
25 49 1
25 50 1
25 51 1
25 52 1
25 53 1
25 54 1
25 55 1
25 56 1
25 57 1
25 58 1
25 59 1
25 60 1
25 61 1
25 62 1
25 63 1
25 64 1
25 65 1
25 66 1
25 67 1
25 68 1
26 36 1
26 37 1
26 38 1
26 39 1
26 40 1
26 41 1
26 42 1
26 43 1
26 44 1
26 45 1
26 46 1
26 47 1
26 48 1
26 49 1
26 50 1
26 51 1
26 52 1
26 53 1
26 54 1
26 55 1
26 56 1
26 57 1
26 58 1
26 59 1
26 60 1
26 61 1
26 62 1
26 63 1
26 64 1
26 65 1
26 66 1
26 67 1
26 68 1
27 36 1
27 37 1
27 38 1
27 39 1
27 40 1
27 41 1
27 42 1
27 43 1
27 44 1
27 45 1
27 46 1
27 47 1
27 48 1
27 49 1
27 50 1
27 51 1
27 52 1
27 53 1
27 54 1
27 55 1
27 56 1
27 57 1
27 58 1
27 59 1
27 60 1
27 61 1
27 62 1
27 63 1
27 64 1
27 65 1
27 66 1
27 67 1
27 68 1
28 36 1
28 37 1
28 38 1
28 39 1
28 40 1
28 41 1
28 42 1
28 43 1
28 44 1
28 45 1
28 46 1
28 47 1
28 48 1
28 49 1
28 50 1
28 51 1
28 52 1
28 53 1
28 54 1
28 55 1
28 56 1
28 57 1
28 58 1
28 59 1
28 60 1
28 61 1
28 62 1
28 63 1
28 64 1
28 65 1
28 66 1
28 67 1
28 68 1
29 36 1
29 37 1
29 38 1
29 39 1
29 40 1
29 41 1
29 42 1
29 43 1
29 44 1
29 45 1
29 46 1
29 47 1
29 48 1
29 49 1
29 50 1
29 51 1
29 52 1
29 53 1
29 54 1
29 55 1
29 56 1
29 57 1
29 58 1
29 59 1
29 60 1
29 61 1
29 62 1
29 63 1
29 64 1
29 65 1
29 66 1
29 67 1
29 68 1
30 36 1
30 37 1
30 38 1
30 39 1
30 40 1
30 41 1
30 42 1
30 43 1
30 44 1
30 45 1
30 46 1
30 47 1
30 48 1
30 49 1
30 50 1
30 51 1
30 52 1
30 53 1
30 54 1
30 55 1
30 56 1
30 57 1
30 58 1
30 59 1
30 60 1
30 61 1
30 62 1
30 63 1
30 64 1
30 65 1
30 66 1
30 67 1
30 68 1
31 36 1
31 37 1
31 38 1
31 39 1
31 40 1
31 41 1
31 42 1
31 43 1
31 44 1
31 45 1
31 46 1
31 47 1
31 48 1
31 49 1
31 50 1
31 51 1
31 52 1
31 53 1
31 54 1
31 55 1
31 56 1
31 57 1
31 58 1
31 59 1
31 60 1
31 61 1
31 62 1
31 63 1
31 64 1
31 65 1
31 66 1
31 67 1
31 68 1
32 36 1
32 37 1
32 38 1
32 39 1
32 40 1
32 41 1
32 42 1
32 43 1
32 44 1
32 45 1
32 46 1
32 47 1
32 48 1
32 49 1
32 50 1
32 51 1
32 52 1
32 53 1
32 54 1
32 55 1
32 56 1
32 57 1
32 58 1
32 59 1
32 60 1
32 61 1
32 62 1
32 63 1
32 64 1
32 65 1
32 66 1
32 67 1
32 68 1
33 36 1
33 37 1
33 38 1
33 39 1
33 40 1
33 41 1
33 42 1
33 43 1
33 44 1
33 45 1
33 46 1
33 47 1
33 48 1
33 49 1
33 50 1
33 51 1
33 52 1
33 53 1
33 54 1
33 55 1
33 56 1
33 57 1
33 58 1
33 59 1
33 60 1
33 61 1
33 62 1
33 63 1
33 64 1
33 65 1
33 66 1
33 67 1
33 68 1
34 36 1
34 37 1
34 38 1
34 39 1
34 40 1
34 41 1
34 42 1
34 43 1
34 44 1
34 45 1
34 46 1
34 47 1
34 48 1
34 49 1
34 50 1
34 51 1
34 52 1
34 53 1
34 54 1
34 55 1
34 56 1
34 57 1
34 58 1
34 59 1
34 60 1
34 61 1
34 62 1
34 63 1
34 64 1
34 65 1
34 66 1
34 67 1
34 68 1
35 36 1
35 37 1
35 38 1
35 39 1
35 40 1
35 41 1
35 42 1
35 43 1
35 44 1
35 45 1
35 46 1
35 47 1
35 48 1
35 49 1
35 50 1
35 51 1
35 52 1
35 53 1
35 54 1
35 55 1
35 56 1
35 57 1
35 58 1
35 59 1
35 60 1
35 61 1
35 62 1
35 63 1
35 64 1
35 65 1
35 66 1
35 67 1
35 68 1
1 3 100
1 4 100
1 5 100
1 6 100
1 7 100
1 8 100
1 9 100
1 10 100
1 11 100
1 12 100
1 13 100
1 14 100
1 15 100
1 16 100
1 17 100
1 18 100
1 19 100
1 20 100
1 21 100
1 22 100
1 23 100
1 24 100
1 25 100
1 26 100
1 27 100
1 28 100
1 29 100
1 30 100
1 31 100
1 32 100
1 33 100
1 34 100
1 35 100
36 69 100
37 69 100
38 69 100
39 69 100
40 69 100
41 69 100
42 69 100
43 69 100
44 69 100
45 69 100
46 69 100
47 69 100
48 69 100
49 69 100
50 69 100
51 69 100
52 69 100
53 69 100
54 69 100
55 69 100
56 69 100
57 69 100
58 69 100
59 69 100
60 69 100
61 69 100
62 69 100
63 69 100
64 69 100
65 69 100
66 69 100
67 69 100
68 69 100
69 70 10000
70 71 10000
71 72 10000
72 73 10000
73 74 10000
74 75 10000
75 76 10000
76 77 10000
77 78 10000
78 79 10000
79 80 10000
80 81 10000
81 82 10000
82 83 10000
83 84 10000
84 85 10000
85 86 10000
86 87 10000
87 88 10000
88 89 10000
89 90 10000
90 91 10000
91 92 10000
92 93 10000
93 94 10000
94 95 10000
95 96 10000
96 97 10000
97 98 10000
98 99 10000
99 100 10000
100 2 10000
100 99 1
100 99 1
100 99 1
100 99 1
100 99 1
100 99 1
100 99 1
100 99 1
100 99 1
100 99 1
100 99 1
100 99 1
100 99 1
100 99 1
100 99 1
100 99 1
100 99 1
100 99 1
100 99 1
100 99 1
100 99 1
100 99 1
100 99 1
100 99 1
100 99 1
100 99 1
100 99 1
100 99 1
100 99 1
100 99 1
100 99 1
100 99 1
100 99 1
100 99 1
100 99 1
100 99 1
100 99 1
100 99 1
100 99 1
100 99 1
100 99 1
100 99 1
100 99 1
100 99 1
100 99 1
100 99 1
100 99 1
100 99 1
100 99 1
100 99 1
100 99 1
100 99 1
100 99 1
100 99 1
100 99 1
100 99 1
100 99 1
100 99 1
100 99 1
100 99 1
100 99 1
100 99 1
100 99 1
100 99 1
100 99 1
100 99 1
100 99 1
100 99 1
100 99 1
100 99 1
100 99 1
100 99 1
100 99 1
100 99 1
100 99 1
100 99 1
100 99 1
100 99 1
100 99 1
100 99 1
100 99 1
100 99 1
100 99 1
100 99 1
100 99 1
100 99 1
100 99 1
100 99 1
100 99 1
100 99 1
100 99 1
100 99 1
100 99 1
100 99 1
100 99 1
100 99 1
100 99 1
100 99 1
100 99 1
100 99 1
100 99 1
100 99 1
100 99 1
100 99 1
100 99 1
100 99 1
100 99 1
100 99 1
100 99 1
100 99 1
100 99 1
100 99 1
100 99 1
100 99 1
100 99 1
100 99 1
100 99 1
100 99 1
100 99 1
100 99 1
100 99 1
100 99 1
100 99 1
100 99 1
100 99 1
100 99 1
100 99 1
100 99 1
100 99 1
100 99 1
100 99 1
100 99 1
100 99 1
100 99 1
100 99 1
100 99 1
100 99 1
100 99 1
100 99 1
100 99 1
100 99 1
100 99 1
100 99 1
100 99 1
100 99 1
100 99 1
100 99 1
100 99 1
100 99 1
100 99 1
100 99 1
100 99 1
100 99 1
100 99 1
100 99 1
100 99 1
100 99 1
100 99 1
100 99 1
100 99 1
100 99 1
100 99 1
100 99 1
100 99 1
100 99 1
100 99 1
100 99 1
100 99 1
100 99 1
100 99 1
100 99 1
100 99 1
100 99 1
100 99 1
100 99 1
100 99 1
100 99 1
100 99 1
100 99 1
100 99 1
100 99 1
100 99 1
100 99 1
100 99 1
100 99 1
100 99 1
100 99 1
100 99 1
100 99 1
100 99 1
100 99 1
100 99 1
100 99 1
100 99 1
100 99 1
100 99 1
100 99 1
100 99 1
100 99 1
100 99 1
100 99 1
100 99 1
100 99 1
100 99 1
100 99 1
100 99 1
100 99 1
100 99 1
100 99 1
100 99 1
100 99 1
100 99 1
100 99 1
100 99 1
100 99 1
100 99 1
100 99 1
100 99 1
100 99 1
100 99 1
100 99 1
100 99 1
100 99 1
100 99 1
100 99 1
100 99 1
100 99 1
100 99 1
100 99 1
100 99 1
100 99 1
100 99 1
100 99 1
100 99 1
100 99 1
100 99 1
100 99 1
100 99 1
100 99 1
100 99 1
100 99 1
100 99 1
100 99 1
100 99 1
100 99 1
100 99 1
100 99 1
100 99 1
100 99 1
100 99 1
100 99 1
100 99 1
100 99 1
100 99 1
100 99 1
100 99 1
100 99 1
100 99 1
100 99 1
100 99 1
100 99 1
100 99 1
100 99 1
100 99 1
100 99 1
100 99 1
100 99 1
100 99 1
100 99 1
100 99 1
100 99 1
100 99 1
100 99 1
100 99 1
100 99 1
100 99 1
100 99 1
100 99 1
100 99 1
100 99 1
100 99 1
100 99 1
100 99 1
100 99 1
100 99 1
100 99 1
100 99 1
100 99 1
100 99 1
100 99 1
100 99 1
100 99 1
100 99 1
100 99 1
100 99 1
100 99 1
100 99 1
100 99 1
100 99 1
100 99 1
100 99 1
100 99 1
100 99 1
100 99 1
100 99 1
100 99 1
100 99 1
100 99 1
100 99 1
100 99 1
100 99 1
100 99 1
100 99 1
100 99 1
100 99 1
100 99 1
100 99 1
100 99 1
100 99 1
100 99 1
100 99 1
100 99 1
100 99 1
100 99 1
100 99 1
100 99 1
100 99 1
100 99 1
100 99 1
100 99 1
100 99 1
100 99 1
100 99 1
100 99 1
100 99 1
100 99 1
100 99 1
100 99 1
100 99 1
100 99 1
100 99 1
100 99 1
100 99 1
100 99 1
100 99 1
100 99 1
100 99 1
100 99 1
100 99 1
100 99 1
100 99 1
100 99 1
100 99 1
100 99 1
100 99 1
100 99 1
100 99 1
100 99 1
100 99 1
100 99 1
100 99 1
100 99 1
100 99 1
100 99 1
100 99 1
100 99 1
100 99 1
100 99 1
100 99 1
100 99 1
100 99 1
100 99 1
100 99 1
100 99 1
100 99 1
100 99 1
100 99 1
100 99 1
100 99 1
100 99 1
100 99 1
100 99 1
100 99 1
100 99 1
100 99 1
100 99 1
100 99 1
100 99 1
100 99 1
100 99 1
100 99 1
100 99 1
100 99 1
100 99 1
100 99 1
100 99 1
100 99 1
100 99 1
100 99 1
100 99 1
100 99 1
100 99 1
100 99 1
100 99 1
100 99 1
100 99 1
100 99 1
100 99 1
100 99 1
100 99 1
100 99 1
100 99 1
100 99 1
100 99 1
100 99 1
100 99 1
100 99 1
100 99 1
100 99 1
100 99 1
100 99 1
100 99 1
100 99 1
100 99 1
100 99 1
100 99 1
100 99 1
100 99 1
100 99 1
100 99 1
100 99 1
100 99 1
100 99 1
100 99 1
100 99 1
100 99 1
100 99 1
100 99 1
100 99 1
100 99 1
100 99 1
100 99 1
100 99 1
100 99 1
100 99 1
100 99 1
100 99 1
100 99 1
100 99 1
100 99 1
100 99 1
100 99 1
100 99 1
100 99 1
100 99 1
100 99 1
100 99 1
100 99 1
100 99 1
100 99 1
100 99 1
100 99 1
100 99 1
100 99 1
100 99 1
100 99 1
100 99 1
100 99 1
100 99 1
100 99 1
100 99 1
100 99 1
100 99 1
100 99 1
100 99 1
100 99 1
100 99 1
100 99 1
100 99 1
100 99 1
100 99 1
100 99 1
100 99 1
100 99 1
100 99 1
100 99 1
100 99 1
100 99 1
100 99 1
100 99 1
100 99 1
100 99 1
100 99 1
100 99 1
100 99 1
100 99 1
100 99 1
100 99 1
100 99 1
100 99 1
100 99 1
100 99 1
100 99 1
100 99 1
100 99 1
100 99 1
100 99 1
100 99 1
100 99 1
100 99 1
100 99 1
100 99 1
100 99 1
100 99 1
100 99 1
100 99 1
100 99 1
100 99 1
100 99 1
100 99 1
100 99 1
100 99 1
100 99 1
100 99 1
100 99 1
100 99 1
100 99 1
100 99 1
100 99 1
100 99 1
100 99 1
100 99 1
100 99 1
100 99 1
100 99 1
100 99 1
100 99 1
100 99 1
100 99 1
100 99 1
100 99 1
100 99 1
100 99 1
100 99 1
100 99 1
100 99 1
100 99 1
100 99 1
100 99 1
100 99 1
100 99 1
100 99 1
100 99 1
100 99 1
100 99 1
100 99 1
100 99 1
100 99 1
100 99 1
100 99 1
100 99 1
100 99 1
100 99 1
100 99 1
100 99 1
100 99 1
100 99 1
100 99 1
100 99 1
100 99 1
100 99 1
100 99 1
100 99 1
100 99 1
100 99 1
100 99 1
100 99 1
100 99 1
100 99 1
100 99 1
100 99 1
100 99 1
100 99 1
100 99 1
100 99 1
100 99 1
100 99 1
100 99 1
100 99 1
100 99 1
100 99 1
100 99 1
100 99 1
100 99 1
100 99 1
100 99 1
100 99 1
100 99 1
100 99 1
100 99 1
100 99 1
100 99 1
100 99 1
100 99 1
100 99 1
100 99 1
100 99 1
100 99 1
100 99 1
100 99 1
100 99 1
100 99 1
100 99 1
100 99 1
100 99 1
100 99 1
100 99 1
100 99 1
100 99 1
100 99 1
100 99 1
100 99 1
100 99 1
100 99 1
100 99 1
100 99 1
100 99 1
100 99 1
100 99 1
100 99 1
100 99 1
100 99 1
100 99 1
100 99 1
100 99 1
100 99 1
100 99 1
100 99 1
100 99 1
100 99 1
100 99 1
100 99 1
100 99 1
100 99 1
100 99 1
100 99 1
100 99 1
100 99 1
100 99 1
100 99 1
100 99 1
100 99 1
100 99 1
100 99 1
100 99 1
100 99 1
100 99 1
100 99 1
100 99 1
100 99 1
100 99 1
100 99 1
100 99 1
100 99 1
100 99 1
100 99 1
100 99 1
100 99 1
100 99 1
100 99 1
100 99 1
100 99 1
100 99 1
100 99 1
100 99 1
100 99 1
100 99 1
100 99 1
100 99 1
100 99 1
100 99 1
100 99 1
100 99 1
100 99 1
100 99 1
100 99 1
100 99 1
100 99 1
100 99 1
100 99 1
100 99 1
100 99 1
100 99 1
100 99 1
100 99 1
100 99 1
100 99 1
100 99 1
100 99 1
100 99 1
100 99 1
100 99 1
100 99 1
100 99 1
100 99 1
100 99 1
100 99 1
100 99 1
100 99 1
100 99 1
100 99 1
100 99 1
100 99 1
100 99 1
100 99 1
100 99 1
100 99 1
100 99 1
100 99 1
100 99 1
100 99 1
100 99 1
100 99 1
100 99 1
100 99 1
100 99 1
100 99 1
100 99 1
100 99 1
100 99 1
100 99 1
100 99 1
100 99 1
100 99 1
100 99 1
100 99 1
100 99 1
100 99 1
100 99 1
100 99 1
100 99 1
100 99 1
100 99 1
100 99 1
100 99 1
100 99 1
100 99 1
100 99 1
100 99 1
100 99 1
100 99 1
100 99 1
100 99 1
100 99 1
100 99 1
100 99 1
100 99 1
100 99 1
100 99 1
100 99 1
100 99 1
100 99 1
100 99 1
100 99 1
100 99 1
100 99 1
100 99 1
100 99 1
100 99 1
100 99 1
100 99 1
100 99 1
100 99 1
100 99 1
100 99 1
100 99 1
100 99 1
100 99 1
100 99 1
100 99 1
100 99 1
100 99 1
100 99 1
100 99 1
100 99 1
100 99 1
100 99 1
100 99 1
100 99 1
100 99 1
100 99 1
100 99 1
100 99 1
100 99 1
100 99 1
100 99 1
100 99 1
100 99 1
100 99 1
100 99 1
100 99 1
100 99 1
100 99 1
100 99 1
100 99 1
100 99 1
100 99 1
100 99 1
100 99 1
100 99 1
100 99 1
100 99 1
100 99 1
100 99 1
100 99 1
100 99 1
100 99 1
100 99 1
100 99 1
100 99 1
100 99 1
100 99 1
100 99 1
100 99 1
100 99 1
100 99 1
100 99 1
100 99 1
100 99 1
100 99 1
100 99 1
100 99 1
100 99 1
100 99 1
100 99 1
100 99 1
100 99 1
100 99 1
100 99 1
100 99 1
100 99 1
100 99 1
100 99 1
100 99 1
100 99 1
100 99 1
100 99 1
100 99 1
100 99 1
100 99 1
100 99 1
100 99 1
100 99 1
100 99 1
100 99 1
100 99 1
100 99 1
100 99 1
100 99 1
100 99 1
100 99 1
100 99 1
100 99 1
100 99 1
100 99 1
100 99 1
100 99 1
100 99 1
100 99 1
100 99 1
100 99 1
100 99 1
100 99 1
100 99 1
100 99 1
100 99 1
100 99 1
100 99 1
100 99 1
100 99 1
100 99 1
100 99 1
100 99 1
100 99 1
100 99 1
100 99 1
100 99 1
100 99 1
100 99 1
100 99 1
100 99 1
100 99 1
100 99 1
100 99 1
100 99 1
100 99 1
100 99 1
100 99 1
100 99 1
100 99 1
100 99 1
100 99 1
100 99 1
100 99 1
100 99 1
100 99 1
100 99 1
100 99 1
100 99 1
100 99 1
100 99 1
100 99 1
100 99 1
100 99 1
100 99 1
100 99 1
100 99 1
100 99 1
100 99 1
100 99 1
100 99 1
100 99 1
100 99 1
100 99 1
100 99 1
100 99 1
100 99 1
100 99 1
100 99 1
100 99 1
100 99 1
100 99 1
100 99 1
100 99 1
100 99 1
100 99 1
100 99 1
100 99 1
100 99 1
100 99 1
100 99 1
100 99 1
100 99 1
100 99 1
100 99 1
100 99 1
100 99 1
100 99 1
100 99 1
100 99 1
100 99 1
100 99 1
100 99 1
100 99 1
100 99 1
100 99 1
100 99 1
100 99 1
100 99 1
100 99 1
100 99 1
100 99 1
100 99 1
100 99 1
100 99 1
100 99 1
100 99 1
100 99 1
100 99 1
100 99 1
100 99 1
100 99 1
100 99 1
100 99 1
100 99 1
100 99 1
100 99 1
100 99 1
100 99 1
100 99 1
100 99 1
100 99 1
100 99 1
100 99 1
100 99 1
100 99 1
100 99 1
100 99 1
100 99 1
100 99 1
100 99 1
100 99 1
100 99 1
100 99 1
100 99 1
100 99 1
100 99 1
100 99 1
100 99 1
100 99 1
100 99 1
100 99 1
100 99 1
100 99 1
100 99 1
100 99 1
100 99 1
100 99 1
100 99 1
100 99 1
100 99 1
100 99 1
100 99 1
100 99 1
100 99 1
100 99 1
100 99 1
100 99 1
100 99 1
100 99 1
100 99 1
100 99 1
100 99 1
100 99 1
100 99 1
100 99 1
100 99 1
100 99 1
100 99 1
100 99 1
100 99 1
100 99 1
100 99 1
100 99 1
100 99 1
100 99 1
100 99 1
100 99 1
100 99 1
100 99 1
100 99 1
100 99 1
100 99 1
100 99 1
100 99 1
100 99 1
100 99 1
100 99 1
100 99 1
100 99 1
100 99 1
100 99 1
100 99 1
100 99 1
100 99 1
100 99 1
100 99 1
100 99 1
100 99 1
100 99 1
100 99 1
100 99 1
100 99 1
100 99 1
100 99 1
100 99 1
100 99 1
100 99 1
100 99 1
100 99 1
100 99 1
100 99 1
100 99 1
100 99 1
100 99 1
100 99 1
100 99 1
100 99 1
100 99 1
100 99 1
100 99 1
100 99 1
100 99 1
100 99 1
100 99 1
100 99 1
100 99 1
100 99 1
100 99 1
100 99 1
100 99 1
100 99 1
100 99 1
100 99 1
100 99 1
100 99 1
100 99 1
100 99 1
100 99 1
100 99 1
100 99 1
100 99 1
100 99 1
100 99 1
100 99 1
100 99 1
100 99 1
100 99 1
100 99 1
100 99 1
100 99 1
100 99 1
100 99 1
100 99 1
100 99 1
100 99 1
100 99 1
100 99 1
100 99 1
100 99 1
100 99 1
100 99 1
100 99 1
100 99 1
100 99 1
100 99 1
100 99 1
100 99 1
100 99 1
100 99 1
100 99 1
100 99 1
100 99 1
100 99 1
100 99 1
100 99 1
100 99 1
100 99 1
100 99 1
100 99 1
100 99 1
100 99 1
100 99 1
100 99 1
100 99 1
100 99 1
100 99 1
100 99 1
100 99 1
100 99 1
100 99 1
100 99 1
100 99 1
100 99 1
100 99 1
100 99 1
100 99 1
100 99 1
100 99 1
100 99 1
100 99 1
100 99 1
100 99 1
100 99 1
100 99 1
100 99 1
100 99 1
100 99 1
100 99 1
100 99 1
100 99 1
100 99 1
100 99 1
100 99 1
100 99 1
100 99 1
100 99 1
100 99 1
100 99 1
100 99 1
100 99 1
100 99 1
100 99 1
100 99 1
100 99 1
100 99 1
100 99 1
100 99 1
100 99 1
100 99 1
100 99 1
100 99 1
100 99 1
100 99 1
100 99 1
100 99 1
100 99 1
100 99 1
100 99 1
100 99 1
100 99 1
100 99 1
100 99 1
100 99 1
100 99 1
100 99 1
100 99 1
100 99 1
100 99 1
100 99 1
100 99 1
100 99 1
100 99 1
100 99 1
100 99 1
100 99 1
100 99 1
100 99 1
100 99 1
100 99 1
100 99 1
100 99 1
100 99 1
100 99 1
100 99 1
100 99 1
100 99 1
100 99 1
100 99 1
100 99 1
100 99 1
100 99 1
100 99 1
100 99 1
100 99 1
100 99 1
100 99 1
100 99 1
100 99 1
100 99 1
100 99 1
100 99 1
100 99 1
100 99 1
100 99 1
100 99 1
100 99 1
100 99 1
100 99 1
100 99 1
100 99 1
100 99 1
100 99 1
100 99 1
100 99 1
100 99 1
100 99 1
100 99 1
100 99 1
100 99 1
100 99 1
100 99 1
100 99 1
100 99 1
100 99 1
100 99 1
100 99 1
100 99 1
100 99 1
100 99 1
100 99 1
100 99 1
100 99 1
100 99 1
100 99 1
100 99 1
100 99 1
100 99 1
100 99 1
100 99 1
100 99 1
100 99 1
100 99 1
100 99 1
100 99 1
100 99 1
100 99 1
100 99 1
100 99 1
100 99 1
100 99 1
100 99 1
100 99 1
100 99 1
100 99 1
100 99 1
100 99 1
100 99 1
100 99 1
100 99 1
100 99 1
100 99 1
100 99 1
100 99 1
100 99 1
100 99 1
100 99 1
100 99 1
100 99 1
100 99 1
100 99 1
100 99 1
100 99 1
100 99 1
100 99 1
100 99 1
100 99 1
100 99 1
100 99 1
100 99 1
100 99 1
100 99 1
100 99 1
100 99 1
100 99 1
100 99 1
100 99 1
100 99 1
100 99 1
100 99 1
100 99 1
100 99 1
100 99 1
100 99 1
100 99 1
100 99 1
100 99 1
100 99 1
100 99 1
100 99 1
100 99 1
100 99 1
100 99 1
100 99 1
100 99 1
100 99 1
100 99 1
100 99 1
100 99 1
100 99 1
100 99 1
100 99 1
100 99 1
100 99 1
100 99 1
100 99 1
100 99 1
100 99 1
100 99 1
100 99 1
100 99 1
100 99 1
100 99 1
100 99 1
100 99 1
100 99 1
100 99 1
100 99 1
100 99 1
100 99 1
100 99 1
100 99 1
100 99 1
100 99 1
100 99 1
100 99 1
100 99 1
100 99 1
100 99 1
100 99 1
100 99 1
100 99 1
100 99 1
100 99 1
100 99 1
100 99 1
100 99 1
100 99 1
100 99 1
100 99 1
100 99 1
100 99 1
100 99 1
100 99 1
100 99 1
100 99 1
100 99 1
100 99 1
100 99 1
100 99 1
100 99 1
100 99 1
100 99 1
100 99 1
100 99 1
100 99 1
100 99 1
100 99 1
100 99 1
100 99 1
100 99 1
100 99 1
100 99 1
100 99 1
100 99 1
100 99 1
100 99 1
100 99 1
100 99 1
100 99 1
100 99 1
100 99 1
100 99 1
100 99 1
100 99 1
100 99 1
100 99 1
100 99 1
100 99 1
100 99 1
100 99 1
100 99 1
100 99 1
100 99 1
100 99 1
100 99 1
100 99 1
100 99 1
100 99 1
100 99 1
100 99 1
100 99 1
100 99 1
100 99 1
100 99 1
100 99 1
100 99 1
100 99 1
100 99 1
100 99 1
100 99 1
100 99 1
100 99 1
100 99 1
100 99 1
100 99 1
100 99 1
100 99 1
100 99 1
100 99 1
100 99 1
100 99 1
100 99 1
100 99 1
100 99 1
100 99 1
100 99 1
100 99 1
100 99 1
100 99 1
100 99 1
100 99 1
100 99 1
100 99 1
100 99 1
100 99 1
100 99 1
100 99 1
100 99 1
100 99 1
100 99 1
100 99 1
100 99 1
100 99 1
100 99 1
100 99 1
100 99 1
100 99 1
100 99 1
100 99 1
100 99 1
100 99 1
100 99 1
100 99 1
100 99 1
100 99 1
100 99 1
100 99 1
100 99 1
100 99 1
100 99 1
100 99 1
100 99 1
100 99 1
100 99 1
100 99 1
100 99 1
100 99 1
100 99 1
100 99 1
100 99 1
100 99 1
100 99 1
100 99 1
100 99 1
100 99 1
100 99 1
100 99 1
100 99 1
100 99 1
100 99 1
100 99 1
100 99 1
100 99 1
100 99 1
100 99 1
100 99 1
100 99 1
100 99 1
100 99 1
100 99 1
100 99 1
100 99 1
100 99 1
100 99 1
100 99 1
100 99 1
100 99 1
100 99 1
100 99 1
100 99 1
100 99 1
100 99 1
100 99 1
100 99 1
100 99 1
100 99 1
100 99 1
100 99 1
100 99 1
100 99 1
100 99 1
100 99 1
100 99 1
100 99 1
100 99 1
100 99 1
100 99 1
100 99 1
100 99 1
100 99 1
100 99 1
100 99 1
100 99 1
100 99 1
100 99 1
100 99 1
100 99 1
100 99 1
100 99 1
100 99 1
100 99 1
100 99 1
100 99 1
100 99 1
100 99 1
100 99 1
100 99 1
100 99 1
100 99 1
100 99 1
100 99 1
100 99 1
100 99 1
100 99 1
100 99 1
100 99 1
100 99 1
100 99 1
100 99 1
100 99 1
100 99 1
100 99 1
100 99 1
100 99 1
100 99 1
100 99 1
100 99 1
100 99 1
100 99 1
100 99 1
100 99 1
100 99 1
100 99 1
100 99 1
100 99 1
100 99 1
100 99 1
100 99 1
100 99 1
100 99 1
100 99 1
100 99 1
100 99 1
100 99 1
100 99 1
100 99 1
100 99 1
100 99 1
100 99 1
100 99 1
100 99 1
100 99 1
100 99 1
100 99 1
100 99 1
100 99 1
100 99 1
100 99 1
100 99 1
100 99 1
100 99 1
100 99 1
100 99 1
100 99 1
100 99 1
100 99 1
100 99 1
100 99 1
100 99 1
100 99 1
100 99 1
100 99 1
100 99 1
100 99 1
100 99 1
100 99 1
100 99 1
100 99 1
100 99 1
100 99 1
100 99 1
100 99 1
100 99 1
100 99 1
100 99 1
100 99 1
100 99 1
100 99 1
100 99 1
100 99 1
100 99 1
100 99 1
100 99 1
100 99 1
100 99 1
100 99 1
100 99 1
100 99 1
100 99 1
100 99 1
100 99 1
100 99 1
100 99 1
100 99 1
100 99 1
100 99 1
100 99 1
100 99 1
100 99 1
100 99 1
100 99 1
100 99 1
100 99 1
100 99 1
100 99 1
100 99 1
100 99 1
100 99 1
100 99 1
100 99 1
100 99 1
100 99 1
100 99 1
100 99 1
100 99 1
100 99 1
100 99 1
100 99 1
100 99 1
100 99 1
100 99 1
100 99 1
100 99 1
100 99 1
100 99 1
100 99 1
100 99 1
100 99 1
100 99 1
100 99 1
100 99 1
100 99 1
100 99 1
100 99 1
100 99 1
100 99 1
100 99 1
100 99 1
100 99 1
100 99 1
100 99 1
100 99 1
100 99 1
100 99 1
100 99 1
100 99 1
100 99 1
100 99 1
100 99 1
100 99 1
100 99 1
100 99 1
100 99 1
100 99 1
100 99 1
100 99 1
100 99 1
100 99 1
100 99 1
100 99 1
100 99 1
100 99 1
100 99 1
100 99 1
100 99 1
100 99 1
100 99 1
100 99 1
100 99 1
100 99 1
100 99 1
100 99 1
100 99 1
100 99 1
100 99 1
100 99 1
100 99 1
100 99 1
100 99 1
100 99 1
100 99 1
100 99 1
100 99 1
100 99 1
100 99 1
100 99 1
100 99 1
100 99 1
100 99 1
100 99 1
100 99 1
100 99 1
100 99 1
100 99 1
100 99 1
100 99 1
100 99 1
100 99 1
100 99 1
100 99 1
100 99 1
100 99 1
100 99 1
100 99 1
100 99 1
100 99 1
100 99 1
100 99 1
100 99 1
100 99 1
100 99 1
100 99 1
100 99 1
100 99 1
100 99 1
100 99 1
100 99 1
100 99 1
100 99 1
100 99 1
100 99 1
100 99 1
100 99 1
100 99 1
100 99 1
100 99 1
100 99 1
100 99 1
100 99 1
100 99 1
100 99 1
100 99 1
100 99 1
100 99 1
100 99 1
100 99 1
100 99 1
100 99 1
100 99 1
100 99 1
100 99 1
100 99 1
100 99 1
100 99 1
100 99 1
100 99 1
100 99 1
100 99 1
100 99 1
100 99 1
100 99 1
100 99 1
100 99 1
100 99 1
100 99 1
100 99 1
100 99 1
100 99 1
100 99 1
100 99 1
100 99 1
100 99 1
100 99 1
100 99 1
100 99 1
100 99 1
100 99 1
100 99 1
100 99 1
100 99 1
100 99 1
100 99 1
100 99 1
100 99 1
100 99 1
100 99 1
100 99 1
100 99 1
100 99 1
100 99 1
100 99 1
100 99 1
100 99 1
100 99 1
100 99 1
100 99 1
100 99 1
100 99 1
100 99 1
100 99 1
100 99 1
100 99 1
100 99 1
100 99 1
100 99 1
100 99 1
100 99 1
100 99 1
100 99 1
100 99 1
100 99 1
100 99 1
100 99 1
100 99 1
100 99 1
100 99 1
100 99 1
100 99 1
100 99 1
100 99 1
100 99 1
100 99 1
100 99 1
100 99 1
100 99 1
100 99 1
100 99 1
100 99 1
100 99 1
100 99 1
100 99 1
100 99 1
100 99 1
100 99 1
100 99 1
100 99 1
100 99 1
100 99 1
100 99 1
100 99 1
100 99 1
100 99 1
100 99 1
100 99 1
100 99 1
100 99 1
100 99 1
100 99 1
100 99 1
100 99 1
100 99 1
100 99 1
100 99 1
100 99 1
100 99 1
100 99 1
100 99 1
100 99 1
100 99 1
100 99 1
100 99 1
100 99 1
100 99 1
100 99 1
100 99 1
100 99 1
100 99 1
100 99 1
100 99 1
100 99 1
100 99 1
100 99 1
100 99 1
100 99 1
100 99 1
100 99 1
100 99 1
100 99 1
100 99 1
100 99 1
100 99 1
100 99 1
100 99 1
100 99 1
100 99 1
100 99 1
100 99 1
100 99 1
100 99 1
100 99 1
100 99 1
100 99 1
100 99 1
100 99 1
100 99 1
100 99 1
100 99 1
100 99 1
100 99 1
100 99 1
100 99 1
100 99 1
100 99 1
100 99 1
100 99 1
100 99 1
100 99 1
100 99 1
100 99 1
100 99 1
100 99 1
100 99 1
100 99 1
100 99 1
100 99 1
100 99 1
100 99 1
100 99 1
100 99 1
100 99 1
100 99 1
100 99 1
100 99 1
100 99 1
100 99 1
100 99 1
100 99 1
100 99 1
100 99 1
100 99 1
100 99 1
100 99 1
100 99 1
100 99 1
100 99 1
100 99 1
100 99 1
100 99 1
100 99 1
100 99 1
100 99 1
100 99 1
100 99 1
100 99 1
100 99 1
100 99 1
100 99 1
100 99 1
100 99 1
100 99 1
100 99 1
100 99 1
100 99 1
100 99 1
100 99 1
100 99 1
100 99 1
100 99 1
100 99 1
100 99 1
100 99 1
100 99 1
100 99 1
100 99 1
100 99 1
100 99 1
100 99 1
100 99 1
100 99 1
100 99 1
100 99 1
100 99 1
100 99 1
100 99 1
100 99 1
100 99 1
100 99 1
100 99 1
100 99 1
100 99 1
100 99 1
100 99 1
100 99 1
100 99 1
100 99 1
100 99 1
100 99 1
100 99 1
100 99 1
100 99 1
100 99 1
100 99 1
100 99 1
100 99 1
100 99 1
100 99 1
100 99 1
100 99 1
100 99 1
100 99 1
100 99 1
100 99 1
100 99 1
100 99 1
100 99 1
100 99 1
100 99 1
100 99 1
100 99 1
100 99 1
100 99 1
100 99 1
100 99 1
100 99 1
100 99 1
100 99 1
100 99 1
100 99 1
100 99 1
100 99 1
100 99 1
100 99 1
100 99 1
100 99 1
100 99 1
100 99 1
100 99 1
100 99 1
100 99 1
100 99 1
100 99 1
100 99 1
100 99 1
100 99 1
100 99 1
100 99 1
100 99 1
100 99 1
100 99 1
100 99 1
100 99 1
100 99 1
100 99 1
100 99 1
100 99 1
100 99 1
100 99 1
100 99 1
100 99 1
100 99 1
100 99 1
100 99 1
100 99 1
100 99 1
100 99 1
100 99 1
100 99 1
100 99 1
100 99 1
100 99 1
100 99 1
100 99 1
100 99 1
100 99 1
100 99 1
100 99 1
100 99 1
100 99 1
100 99 1
100 99 1
100 99 1
100 99 1
100 99 1
100 99 1
100 99 1
100 99 1
100 99 1
100 99 1
100 99 1
100 99 1
100 99 1
100 99 1
100 99 1
100 99 1
100 99 1
100 99 1
100 99 1
100 99 1
100 99 1
100 99 1
100 99 1
100 99 1
100 99 1
100 99 1
100 99 1
100 99 1
100 99 1
100 99 1
100 99 1
100 99 1
100 99 1
100 99 1
100 99 1
100 99 1
100 99 1
100 99 1
100 99 1
100 99 1
100 99 1
100 99 1
100 99 1
100 99 1
100 99 1
100 99 1
100 99 1
100 99 1
100 99 1
100 99 1
100 99 1
100 99 1
100 99 1
100 99 1
100 99 1
100 99 1
100 99 1
100 99 1
100 99 1
100 99 1
100 99 1
100 99 1
100 99 1
100 99 1
100 99 1
100 99 1
100 99 1
100 99 1
100 99 1
100 99 1
100 99 1
100 99 1
100 99 1
100 99 1
100 99 1
100 99 1
100 99 1
100 99 1
100 99 1
100 99 1
100 99 1
100 99 1
100 99 1
100 99 1
100 99 1
100 99 1
100 99 1
100 99 1
100 99 1
100 99 1
100 99 1
100 99 1
100 99 1
100 99 1
100 99 1
100 99 1
100 99 1
100 99 1
100 99 1
100 99 1
100 99 1
100 99 1
100 99 1
100 99 1
100 99 1
100 99 1
100 99 1
100 99 1
100 99 1
100 99 1
100 99 1
100 99 1
100 99 1
100 99 1
100 99 1
100 99 1
100 99 1
100 99 1
100 99 1
100 99 1
100 99 1
100 99 1
100 99 1
100 99 1
100 99 1
100 99 1
100 99 1
100 99 1
100 99 1
100 99 1
100 99 1
100 99 1
100 99 1
100 99 1
100 99 1
100 99 1
100 99 1
100 99 1
100 99 1
100 99 1
100 99 1
100 99 1
100 99 1
100 99 1
100 99 1
100 99 1
100 99 1
100 99 1
100 99 1
100 99 1
100 99 1
100 99 1
100 99 1
100 99 1
100 99 1
100 99 1
100 99 1
100 99 1
100 99 1
100 99 1
100 99 1
100 99 1
100 99 1
100 99 1
100 99 1
100 99 1
100 99 1
100 99 1
100 99 1
100 99 1
100 99 1
100 99 1
100 99 1
100 99 1
100 99 1
100 99 1
100 99 1
100 99 1
100 99 1
100 99 1
100 99 1
100 99 1
100 99 1
100 99 1
100 99 1
100 99 1
100 99 1
100 99 1
100 99 1
100 99 1
100 99 1
100 99 1
100 99 1
100 99 1
100 99 1
100 99 1
100 99 1
100 99 1
100 99 1
100 99 1
100 99 1
100 99 1
100 99 1
100 99 1
100 99 1
100 99 1
100 99 1
100 99 1
100 99 1
100 99 1
100 99 1
100 99 1
100 99 1
100 99 1
100 99 1
100 99 1
100 99 1
100 99 1
100 99 1
100 99 1
100 99 1
100 99 1
100 99 1
100 99 1
100 99 1
100 99 1
100 99 1
100 99 1
100 99 1
100 99 1
100 99 1
100 99 1
100 99 1
100 99 1
100 99 1
100 99 1
100 99 1
100 99 1
100 99 1
100 99 1
100 99 1
100 99 1
100 99 1
100 99 1
100 99 1
100 99 1
100 99 1
100 99 1
100 99 1
100 99 1
100 99 1
100 99 1
100 99 1
100 99 1
100 99 1
100 99 1
100 99 1
100 99 1
100 99 1
100 99 1
100 99 1
100 99 1
100 99 1
100 99 1
100 99 1
100 99 1
100 99 1
100 99 1
100 99 1
100 99 1
100 99 1
100 99 1
100 99 1
100 99 1
100 99 1
100 99 1
100 99 1
100 99 1
100 99 1
100 99 1
100 99 1
100 99 1
100 99 1
100 99 1
100 99 1
100 99 1
100 99 1
100 99 1
100 99 1
100 99 1
100 99 1
100 99 1
100 99 1
100 99 1
100 99 1
100 99 1
100 99 1
100 99 1
100 99 1
100 99 1
100 99 1
100 99 1
100 99 1
100 99 1
100 99 1
100 99 1
100 99 1
100 99 1
100 99 1
100 99 1
100 99 1
100 99 1
100 99 1
100 99 1
100 99 1
100 99 1
100 99 1
100 99 1
100 99 1
100 99 1
100 99 1
100 99 1
100 99 1
100 99 1
100 99 1
100 99 1
100 99 1
100 99 1
100 99 1
100 99 1
100 99 1
100 99 1
100 99 1
100 99 1
100 99 1
100 99 1
100 99 1
100 99 1
100 99 1
100 99 1
100 99 1
100 99 1
100 99 1
100 99 1
100 99 1
100 99 1
100 99 1
100 99 1
100 99 1
100 99 1
100 99 1
100 99 1
100 99 1
100 99 1
100 99 1
100 99 1
100 99 1
100 99 1
100 99 1
100 99 1
100 99 1
100 99 1
100 99 1
100 99 1
100 99 1
100 99 1
100 99 1
100 99 1
100 99 1
100 99 1
100 99 1
100 99 1
100 99 1
100 99 1
100 99 1
100 99 1
100 99 1
100 99 1
100 99 1
100 99 1
100 99 1
100 99 1
100 99 1
100 99 1
100 99 1
100 99 1
100 99 1
100 99 1
100 99 1
100 99 1
100 99 1
100 99 1
100 99 1
100 99 1
100 99 1
100 99 1
100 99 1
100 99 1
100 99 1
100 99 1
100 99 1
100 99 1
100 99 1
100 99 1
100 99 1
100 99 1
100 99 1
100 99 1
100 99 1
100 99 1
100 99 1
100 99 1
100 99 1
100 99 1
100 99 1
100 99 1
100 99 1
100 99 1
100 99 1
100 99 1
100 99 1
100 99 1
100 99 1
100 99 1
100 99 1
100 99 1
100 99 1
100 99 1
100 99 1
100 99 1
100 99 1
100 99 1
100 99 1
100 99 1
100 99 1
100 99 1
100 99 1
100 99 1
100 99 1
100 99 1
100 99 1
100 99 1
100 99 1
100 99 1
100 99 1
100 99 1
100 99 1
100 99 1
100 99 1
100 99 1
100 99 1
100 99 1
100 99 1
100 99 1
100 99 1
100 99 1
100 99 1
100 99 1
100 99 1
100 99 1
100 99 1
100 99 1
100 99 1
100 99 1
100 99 1
100 99 1
100 99 1
100 99 1
100 99 1
100 99 1
100 99 1
100 99 1
100 99 1
100 99 1
100 99 1
100 99 1
100 99 1
100 99 1
100 99 1
100 99 1
100 99 1
100 99 1
100 99 1
100 99 1
100 99 1
100 99 1
100 99 1
100 99 1
100 99 1
100 99 1
100 99 1
100 99 1
100 99 1
100 99 1
100 99 1
100 99 1
100 99 1
100 99 1
100 99 1
100 99 1
100 99 1
100 99 1
100 99 1
100 99 1
100 99 1
100 99 1
100 99 1
100 99 1
100 99 1
100 99 1
100 99 1
100 99 1
100 99 1
100 99 1
100 99 1
100 99 1
100 99 1
100 99 1
100 99 1
100 99 1
100 99 1
100 99 1
100 99 1
100 99 1
100 99 1
100 99 1
100 99 1
100 99 1
100 99 1
100 99 1
100 99 1
100 99 1
100 99 1
100 99 1
100 99 1
100 99 1
100 99 1
100 99 1
100 99 1
100 99 1
100 99 1
100 99 1
100 99 1
100 99 1
100 99 1
100 99 1
100 99 1
100 99 1
100 99 1
100 99 1
100 99 1
100 99 1
100 99 1
100 99 1
100 99 1
100 99 1
100 99 1
100 99 1
100 99 1
100 99 1
100 99 1
100 99 1
100 99 1
100 99 1
100 99 1
100 99 1
100 99 1
100 99 1
100 99 1
100 99 1
100 99 1
100 99 1
100 99 1
100 99 1
100 99 1
100 99 1
100 99 1
100 99 1
100 99 1
100 99 1
100 99 1
100 99 1
100 99 1
100 99 1
100 99 1
100 99 1
100 99 1
100 99 1
100 99 1
100 99 1
100 99 1
100 99 1
100 99 1
100 99 1
100 99 1
100 99 1
100 99 1
100 99 1
100 99 1
100 99 1
100 99 1
100 99 1
100 99 1
100 99 1
100 99 1
100 99 1
100 99 1
100 99 1
100 99 1
100 99 1
100 99 1
100 99 1
100 99 1
100 99 1
100 99 1
100 99 1
100 99 1
100 99 1
100 99 1
100 99 1
100 99 1
100 99 1
100 99 1
100 99 1
100 99 1
100 99 1
100 99 1
100 99 1
100 99 1
100 99 1
100 99 1
100 99 1
100 99 1
100 99 1
100 99 1
100 99 1
100 99 1
100 99 1
100 99 1
100 99 1
100 99 1
100 99 1
100 99 1
100 99 1
100 99 1
100 99 1
100 99 1
100 99 1
100 99 1
100 99 1
100 99 1
100 99 1
100 99 1
100 99 1
100 99 1
100 99 1
100 99 1
100 99 1
100 99 1
100 99 1
100 99 1
100 99 1
100 99 1
100 99 1
100 99 1
100 99 1
100 99 1
100 99 1
100 99 1
100 99 1
100 99 1
100 99 1
100 99 1
100 99 1
100 99 1
100 99 1
100 99 1
100 99 1
100 99 1
100 99 1
100 99 1
100 99 1
100 99 1
100 99 1
100 99 1
100 99 1
100 99 1
100 99 1
100 99 1
100 99 1
100 99 1
100 99 1
100 99 1
100 99 1
100 99 1
100 99 1
100 99 1
100 99 1
100 99 1
100 99 1
100 99 1
100 99 1
100 99 1
100 99 1
100 99 1
100 99 1
100 99 1
100 99 1
100 99 1
100 99 1
100 99 1
100 99 1
100 99 1
100 99 1
100 99 1
100 99 1
100 99 1
100 99 1
100 99 1
100 99 1
100 99 1
100 99 1
100 99 1
100 99 1
100 99 1
100 99 1
100 99 1
100 99 1
100 99 1
100 99 1
100 99 1
100 99 1
100 99 1
100 99 1
100 99 1
100 99 1
100 99 1
100 99 1
100 99 1
100 99 1
100 99 1
100 99 1
100 99 1
100 99 1
100 99 1
100 99 1
100 99 1
100 99 1
100 99 1
100 99 1
100 99 1
100 99 1
100 99 1
100 99 1
100 99 1
100 99 1
100 99 1
100 99 1
100 99 1
100 99 1
100 99 1
100 99 1
100 99 1
100 99 1
100 99 1
100 99 1
100 99 1
100 99 1
100 99 1
100 99 1
100 99 1
100 99 1
100 99 1
100 99 1
100 99 1
100 99 1
100 99 1
100 99 1
100 99 1
100 99 1
100 99 1
100 99 1
100 99 1
100 99 1
100 99 1
100 99 1
100 99 1
100 99 1
100 99 1
100 99 1
100 99 1
100 99 1
100 99 1
100 99 1
100 99 1
100 99 1
100 99 1
100 99 1
100 99 1
100 99 1
100 99 1
100 99 1
100 99 1
100 99 1
100 99 1
100 99 1
100 99 1
100 99 1
100 99 1
100 99 1
100 99 1
100 99 1
100 99 1
100 99 1
100 99 1
100 99 1
100 99 1
100 99 1
100 99 1
100 99 1
100 99 1
100 99 1
100 99 1
100 99 1
100 99 1
100 99 1
100 99 1
100 99 1
100 99 1
100 99 1
100 99 1
100 99 1
100 99 1
100 99 1
100 99 1
100 99 1
100 99 1
100 99 1
100 99 1
100 99 1
100 99 1
100 99 1
100 99 1
100 99 1
100 99 1
100 99 1
100 99 1
100 99 1
100 99 1
100 99 1
100 99 1
100 99 1
100 99 1
100 99 1
100 99 1
100 99 1
100 99 1
100 99 1
100 99 1
100 99 1
100 99 1
100 99 1
100 99 1
100 99 1
100 99 1
100 99 1
100 99 1
100 99 1
100 99 1
100 99 1
100 99 1
100 99 1
100 99 1
100 99 1
100 99 1
100 99 1
100 99 1
100 99 1
100 99 1
100 99 1
100 99 1
100 99 1
100 99 1
100 99 1
100 99 1
100 99 1
100 99 1
100 99 1
100 99 1
100 99 1
100 99 1
100 99 1
100 99 1
100 99 1
100 99 1
100 99 1
100 99 1
100 99 1
100 99 1
100 99 1
100 99 1
100 99 1
100 99 1
100 99 1
100 99 1
100 99 1
100 99 1
100 99 1
100 99 1
100 99 1
100 99 1
100 99 1
100 99 1
100 99 1
100 99 1
100 99 1
100 99 1
100 99 1
100 99 1
100 99 1
100 99 1
100 99 1
100 99 1
100 99 1
100 99 1
100 99 1
100 99 1
100 99 1
100 99 1
100 99 1
100 99 1
100 99 1
100 99 1
100 99 1
100 99 1
100 99 1
100 99 1
100 99 1
100 99 1
100 99 1
100 99 1
100 99 1
100 99 1
100 99 1
100 99 1
100 99 1
100 99 1
100 99 1
100 99 1
100 99 1
100 99 1
100 99 1
100 99 1
100 99 1
100 99 1
100 99 1
100 99 1
100 99 1
100 99 1
100 99 1
100 99 1
100 99 1
100 99 1
100 99 1
100 99 1
100 99 1
100 99 1
100 99 1
100 99 1
100 99 1
100 99 1
100 99 1
100 99 1
100 99 1
100 99 1
100 99 1
100 99 1
100 99 1
100 99 1
100 99 1
100 99 1
100 99 1
100 99 1
100 99 1
100 99 1
100 99 1
100 99 1
100 99 1
100 99 1
100 99 1
100 99 1
100 99 1
100 99 1
100 99 1
100 99 1
100 99 1
100 99 1
100 99 1
100 99 1
100 99 1
100 99 1
100 99 1
100 99 1
100 99 1
100 99 1
100 99 1
100 99 1
100 99 1
100 99 1
100 99 1
100 99 1
100 99 1
100 99 1
100 99 1
100 99 1
100 99 1
100 99 1
100 99 1
100 99 1
100 99 1
100 99 1
100 99 1
100 99 1
100 99 1
100 99 1
100 99 1
100 99 1
100 99 1
100 99 1
100 99 1
100 99 1
100 99 1
100 99 1
100 99 1
100 99 1
100 99 1
100 99 1
100 99 1
100 99 1
100 99 1
100 99 1
100 99 1
100 99 1
100 99 1
100 99 1
100 99 1
100 99 1
100 99 1
100 99 1
100 99 1
100 99 1
100 99 1
100 99 1
100 99 1
100 99 1
100 99 1
100 99 1
100 99 1
100 99 1
100 99 1
100 99 1
100 99 1
100 99 1
100 99 1
100 99 1
100 99 1
100 99 1
100 99 1
100 99 1
100 99 1
100 99 1
100 99 1
100 99 1
100 99 1
100 99 1
100 99 1
100 99 1
100 99 1
100 99 1
100 99 1
100 99 1
100 99 1
100 99 1
100 99 1
100 99 1
100 99 1
100 99 1
100 99 1
100 99 1
100 99 1
100 99 1
100 99 1
100 99 1
100 99 1
100 99 1
100 99 1
100 99 1
100 99 1
100 99 1
100 99 1
100 99 1
100 99 1
100 99 1
100 99 1
100 99 1
100 99 1
100 99 1
100 99 1
100 99 1
100 99 1
100 99 1
100 99 1
100 99 1
100 99 1
100 99 1
100 99 1
100 99 1
100 99 1
100 99 1
100 99 1
100 99 1
100 99 1
100 99 1
100 99 1
100 99 1
100 99 1
100 99 1
100 99 1
100 99 1
100 99 1
100 99 1
100 99 1
100 99 1
100 99 1
100 99 1
100 99 1
100 99 1
100 99 1
100 99 1
100 99 1
100 99 1
100 99 1
100 99 1
100 99 1
100 99 1
100 99 1
100 99 1
100 99 1
100 99 1
100 99 1
100 99 1
100 99 1
100 99 1
100 99 1
100 99 1
100 99 1
100 99 1
100 99 1
100 99 1
100 99 1
100 99 1
100 99 1
100 99 1
100 99 1
100 99 1
100 99 1
100 99 1
100 99 1
100 99 1
100 99 1
100 99 1
100 99 1
100 99 1
100 99 1
100 99 1
100 99 1
100 99 1
100 99 1
100 99 1
100 99 1
100 99 1
100 99 1
100 99 1
100 99 1
100 99 1
100 99 1
100 99 1
100 99 1
100 99 1
100 99 1
100 99 1
100 99 1
100 99 1
100 99 1
100 99 1
100 99 1
100 99 1
100 99 1
100 99 1
100 99 1
100 99 1
100 99 1
100 99 1
100 99 1
100 99 1
100 99 1
100 99 1
100 99 1
100 99 1
100 99 1
100 99 1
100 99 1
100 99 1
100 99 1
100 99 1
100 99 1
100 99 1
100 99 1
100 99 1
100 99 1
100 99 1
100 99 1
100 99 1
100 99 1
100 99 1
100 99 1
100 99 1
100 99 1
100 99 1
100 99 1
100 99 1
100 99 1
100 99 1
100 99 1
100 99 1
100 99 1
100 99 1
100 99 1
100 99 1
100 99 1
100 99 1
100 99 1
100 99 1
100 99 1
100 99 1
100 99 1
100 99 1
100 99 1
100 99 1
100 99 1
100 99 1
100 99 1
100 99 1
100 99 1
100 99 1
100 99 1
100 99 1
100 99 1
100 99 1
100 99 1
100 99 1
100 99 1
100 99 1
100 99 1
100 99 1
100 99 1
100 99 1
100 99 1
100 99 1
100 99 1
100 99 1
100 99 1
100 99 1
100 99 1
100 99 1
100 99 1
100 99 1
100 99 1
100 99 1
100 99 1
100 99 1
100 99 1
100 99 1
100 99 1
100 99 1
100 99 1
100 99 1
100 99 1
100 99 1
100 99 1
100 99 1
100 99 1
100 99 1
100 99 1
100 99 1
100 99 1
100 99 1
100 99 1
100 99 1
100 99 1
100 99 1
100 99 1
100 99 1
100 99 1
100 99 1
100 99 1
100 99 1
100 99 1
100 99 1
100 99 1
100 99 1
100 99 1
100 99 1
100 99 1
100 99 1
100 99 1
100 99 1
100 99 1
100 99 1
100 99 1
100 99 1
100 99 1
100 99 1
100 99 1
100 99 1
100 99 1
100 99 1
100 99 1
100 99 1
100 99 1
100 99 1
100 99 1
100 99 1
100 99 1
100 99 1
100 99 1
100 99 1
100 99 1
100 99 1
100 99 1
100 99 1
100 99 1
100 99 1
100 99 1
100 99 1
100 99 1
100 99 1
100 99 1
100 99 1
100 99 1
100 99 1
100 99 1
100 99 1
100 99 1
100 99 1
100 99 1
100 99 1
100 99 1
100 99 1
100 99 1
100 99 1
100 99 1
100 99 1
100 99 1
100 99 1
100 99 1
100 99 1
100 99 1
100 99 1
100 99 1
100 99 1
100 99 1
100 99 1
100 99 1
100 99 1
100 99 1
100 99 1
100 99 1
100 99 1
100 99 1
100 99 1
100 99 1
100 99 1
100 99 1
100 99 1
100 99 1
100 99 1
100 99 1
100 99 1
100 99 1
100 99 1
100 99 1
100 99 1
100 99 1
100 99 1
100 99 1
100 99 1
100 99 1
100 99 1
100 99 1
100 99 1
100 99 1
100 99 1
100 99 1
100 99 1
100 99 1
100 99 1
100 99 1
100 99 1
100 99 1
100 99 1
100 99 1
100 99 1
100 99 1
100 99 1
100 99 1
100 99 1
100 99 1
100 99 1
100 99 1
100 99 1
100 99 1
100 99 1
100 99 1
100 99 1
100 99 1
100 99 1
100 99 1
100 99 1
100 99 1
100 99 1
100 99 1
100 99 1
100 99 1
100 99 1
100 99 1
100 99 1
100 99 1
100 99 1
100 99 1
100 99 1
100 99 1
100 99 1
100 99 1
100 99 1
100 99 1
100 99 1
100 99 1
100 99 1
100 99 1
100 99 1
100 99 1
100 99 1
100 99 1
100 99 1
100 99 1
100 99 1
100 99 1
100 99 1
100 99 1
100 99 1
100 99 1
100 99 1
100 99 1
100 99 1
100 99 1
100 99 1
100 99 1
100 99 1
100 99 1
100 99 1
100 99 1
100 99 1
100 99 1
100 99 1
100 99 1
100 99 1
100 99 1
100 99 1
100 99 1
100 99 1
100 99 1
100 99 1
100 99 1
100 99 1
100 99 1
100 99 1
100 99 1
100 99 1
100 99 1
100 99 1
100 99 1
100 99 1
100 99 1
100 99 1
100 99 1
100 99 1
100 99 1
100 99 1
100 99 1
100 99 1
100 99 1
100 99 1
100 99 1
100 99 1
100 99 1
100 99 1
100 99 1
100 99 1
100 99 1
100 99 1
100 99 1
100 99 1
100 99 1
100 99 1
100 99 1
100 99 1
100 99 1
100 99 1
100 99 1
100 99 1
100 99 1
100 99 1
100 99 1
100 99 1
100 99 1
100 99 1
100 99 1
100 99 1
100 99 1
100 99 1
100 99 1
100 99 1
100 99 1
100 99 1
100 99 1
100 99 1
100 99 1
100 99 1
100 99 1
100 99 1
100 99 1
100 99 1
100 99 1
100 99 1
100 99 1
100 99 1
100 99 1
100 99 1
100 99 1
100 99 1
100 99 1
100 99 1
100 99 1
100 99 1
100 99 1
100 99 1
100 99 1
100 99 1
100 99 1
100 99 1
100 99 1
100 99 1
100 99 1
100 99 1
100 99 1
100 99 1
100 99 1
100 99 1
100 99 1
100 99 1
100 99 1
100 99 1
100 99 1
100 99 1
100 99 1
100 99 1
100 99 1
100 99 1
100 99 1
100 99 1
100 99 1
100 99 1
100 99 1
100 99 1
100 99 1
100 99 1
100 99 1
100 99 1
100 99 1
100 99 1
100 99 1
100 99 1
100 99 1
100 99 1
100 99 1
100 99 1
100 99 1
100 99 1
100 99 1
100 99 1
100 99 1
100 99 1
100 99 1
100 99 1
100 99 1
100 99 1
100 99 1
100 99 1
100 99 1
100 99 1
100 99 1
100 99 1
100 99 1
100 99 1
100 99 1
100 99 1
100 99 1
100 99 1
100 99 1
100 99 1
100 99 1
100 99 1
100 99 1
100 99 1
100 99 1
100 99 1
100 99 1
100 99 1
100 99 1
100 99 1
100 99 1
100 99 1
100 99 1
100 99 1
100 99 1
100 99 1
100 99 1
100 99 1
100 99 1
100 99 1
100 99 1
100 99 1
100 99 1
100 99 1
100 99 1
100 99 1
100 99 1
100 99 1
100 99 1
100 99 1
100 99 1
100 99 1
100 99 1
100 99 1
100 99 1
100 99 1
100 99 1
100 99 1
100 99 1
100 99 1
100 99 1
100 99 1
100 99 1
100 99 1
100 99 1
100 99 1
100 99 1
100 99 1
100 99 1
100 99 1
100 99 1
100 99 1
100 99 1
