1966701156

73598261

1722370517

1487992060

1280261910

1919092484

794091524

1179705165

540019497

183079128

1604578037

535681364

1485176456

1501895623

1917056632

426809597

687543526

1379412197

88364865

176517158

281974925

1756004157

648190764

2078313844

1702381647

96765174

541704007

1181157013

1971910914

343712896

403628251

1791128272

417311061

2125998696

1131636630

1697572893

1897607436

1925728045

729794331

290143168

2108807133

186888607

825824458

1446499778

1688784111

595397363

1873309319

228843945

1974809436

1961674095

405360978

109300641

1570194493

1053551662

40130727

1125092446

1150316739

581834635

158765677

974743918

925547479

562393862

618388482

1342858433

540908803

1750024963

892947583

291032519

1528269306

1622741836

581175591

1489592681

1809630363

1406999931

788608771

1350930713

2002397220

514434279

1579774538

1829722929

328624670

1985135472

1939023447

1898819074

891203361

1979154102

876427760

2041520021

413504980

1035193391

868780194

1339052360

1597587120

